-30000000000.0000, -10000000000.0000
0, 0
0.0, 0.000000
15.1, 0.000259
96.1, 0.001532
118.2, 0.001851
208.6, 0.003066
239.2, 0.003450
337.9, 0.004616
378.6, 0.005070
478.8, 0.006132
528.2, 0.006632
635.0, 0.007666
697.7, 0.008248
804.4, 0.009202
878.2, 0.009839
983.7, 0.010720
1069.1, 0.011412
1174.0, 0.012238
1273.6, 0.013001
1375.5, 0.013763
1488.6, 0.014588
1587.7, 0.015296
1716.5, 0.016197
1809.4, 0.016835
1951.3, 0.017791
2039.3, 0.018374
2198.1, 0.019411
2277.5, 0.019921
2448.3, 0.021006
2519.6, 0.021453
2704.8, 0.022602
2767.3, 0.022986
2966.7, 0.024200
3019.5, 0.024518
3232.0, 0.025792
3274.7, 0.026046
3500.0, 0.027381
3532.3, 0.027571
3770.0, 0.028967
3791.7, 0.029094
4041.5, 0.030555
4052.4, 0.030618
4314.1, 0.032145
4594.1, 0.033781
4849.6, 0.035281
4860.2, 0.035344
5109.7, 0.036821
1.68923493568554e+15, 10000000000.036821