
-30000.0, -100.0
0.000000, 0.000000
4.815761, 0.001385
4.833308, 0.001395
4.854379, 0.001405
4.879047, 0.001415
4.907389, 0.001425
4.939476, 0.001435
4.975383, 0.001445
5.015182, 0.001455
5.058947, 0.001465
5.106747, 0.001475
5.158657, 0.001485
5.214745, 0.001495
5.275083, 0.001505
5.339741, 0.001515
5.408789, 0.001525
5.482295, 0.001535
5.560329, 0.001545
5.642958, 0.001555
5.730250, 0.001565
5.822273, 0.001575
5.919094, 0.001585
6.020778, 0.001595
6.127391, 0.001605
6.239000, 0.001615
6.355669, 0.001625
6.477462, 0.001635
6.604444, 0.001645
6.736677, 0.001655
6.874226, 0.001665
7.017153, 0.001675
7.165520, 0.001685
7.319388, 0.001695
7.478819, 0.001705
7.643874, 0.001715
7.814612, 0.001725
7.991095, 0.001735
8.173380, 0.001745
8.361528, 0.001755
8.555596, 0.001765
8.755642, 0.001775
8.961725, 0.001785
9.173900, 0.001795
9.392225, 0.001805
9.616755, 0.001815
9.847547, 0.001825
10.084655, 0.001835
10.328134, 0.001845
10.578039, 0.001855
10.834423, 0.001865
11.097339, 0.001875
11.366840, 0.001885
11.642980, 0.001895
11.925808, 0.001905
12.215378, 0.001915
12.511740, 0.001925
12.814944, 0.001935
13.125041, 0.001945
13.442080, 0.001955
13.766111, 0.001965
14.097181, 0.001975
14.435339, 0.001985
14.780633, 0.001995
15.133111, 0.002005
15.492818, 0.002015
15.859801, 0.002025
16.234106, 0.002035
16.615779, 0.002045
17.004864, 0.002055
17.401405, 0.002065
17.805448, 0.002075
18.217035, 0.002085
18.636209, 0.002095
19.063013, 0.002105
19.497490, 0.002115
19.939680, 0.002125
20.389625, 0.002135
20.847365, 0.002145
21.312942, 0.002155
21.786394, 0.002165
22.267762, 0.002175
22.757083, 0.002185
23.254397, 0.002195
23.759741, 0.002205
24.273152, 0.002215
24.794669, 0.002225
25.324326, 0.002235
25.862161, 0.002245
26.408209, 0.002255
26.962506, 0.002265
27.525084, 0.002275
28.095980, 0.002285
28.675227, 0.002295
29.262857, 0.002305
29.858905, 0.002315
30.463401, 0.002325
31.076379, 0.002335
31.697869, 0.002345
32.327902, 0.002355
32.966509, 0.002365
33.613720, 0.002375
34.269565, 0.002385
34.934072, 0.002395
35.607270, 0.002405
36.289187, 0.002415
36.979851, 0.002425
37.679290, 0.002435
38.387529, 0.002445
39.104596, 0.002455
39.830516, 0.002465
40.565314, 0.002475
41.309016, 0.002485
42.061645, 0.002495
42.823226, 0.002505
43.593782, 0.002515
44.373336, 0.002525
45.161911, 0.002535
45.959528, 0.002545
46.766211, 0.002555
47.581979, 0.002565
48.406853, 0.002575
49.240854, 0.002585
50.084001, 0.002595
50.936314, 0.002605
51.797811, 0.002615
52.668511, 0.002625
53.548432, 0.002635
54.437591, 0.002645
55.336005, 0.002655
56.243691, 0.002665
57.160665, 0.002675
58.086942, 0.002685
59.022537, 0.002695
59.967465, 0.002705
60.921740, 0.002715
61.885377, 0.002725
62.858387, 0.002735
63.840785, 0.002745
64.832581, 0.002755
65.833789, 0.002765
66.844419, 0.002775
67.864482, 0.002785
68.893990, 0.002795
69.932951, 0.002805
70.981375, 0.002815
72.039272, 0.002825
73.106650, 0.002835
74.183517, 0.002845
75.269880, 0.002855
76.365748, 0.002865
77.471126, 0.002875
78.586021, 0.002885
79.710439, 0.002895
80.844385, 0.002905
81.987863, 0.002915
83.140879, 0.002925
84.303436, 0.002935
85.475538, 0.002945
86.657187, 0.002955
87.848387, 0.002965
89.049138, 0.002975
90.259444, 0.002985
91.479305, 0.002995
92.708721, 0.003005
93.947693, 0.003015
95.196220, 0.003025
96.454303, 0.003035
97.721939, 0.003045
98.999127, 0.003055
100.285864, 0.003065
101.582149, 0.003075
102.887979, 0.003085
104.203348, 0.003095
105.528255, 0.003105
106.862694, 0.003115
108.206660, 0.003125
109.560148, 0.003135
110.923151, 0.003145
112.295665, 0.003155
113.677682, 0.003165
115.069194, 0.003175
116.470194, 0.003185
117.880674, 0.003195
119.300625, 0.003205
120.730038, 0.003215
122.168903, 0.003225
123.617211, 0.003235
125.074950, 0.003245
126.542111, 0.003255
128.018680, 0.003265
129.504648, 0.003275
131.000000, 0.003285
140.534572, 0.003352
155.030205, 0.003452
169.753681, 0.003552
184.693930, 0.003652
199.840190, 0.003752
215.182005, 0.003852
230.709222, 0.003952
246.411984, 0.004052
262.280731, 0.004152
278.306190, 0.004252
294.479377, 0.004352
310.791589, 0.004452
327.234403, 0.004552
343.799670, 0.004652
360.479513, 0.004752
377.266321, 0.004852
394.152748, 0.004952
411.131705, 0.005052
428.196362, 0.005152
445.340139, 0.005252
462.556704, 0.005352
479.839970, 0.005452
497.184090, 0.005552
514.583453, 0.005652
532.032681, 0.005752
549.526625, 0.005852
567.060362, 0.005952
584.629188, 0.006052
602.228617, 0.006152
619.854379, 0.006252
637.502410, 0.006352
655.168855, 0.006452
672.850057, 0.006552
690.542562, 0.006652
708.243106, 0.006752
725.948618, 0.006852
743.656212, 0.006952
761.363187, 0.007052
779.067019, 0.007152
796.765359, 0.007252
814.456031, 0.007352
832.137024, 0.007452
849.806493, 0.007552
867.462750, 0.007652
885.104266, 0.007752
902.729661, 0.007852
920.337706, 0.007952
937.927315, 0.008052
955.497541, 0.008152
973.047577, 0.008252
990.576746, 0.008352
1008.084501, 0.008452
1025.570421, 0.008552
1043.034205, 0.008652
1060.475669, 0.008752
1077.894746, 0.008852
1095.291474, 0.008952
1112.666001, 0.009052
1130.018575, 0.009152
1147.349542, 0.009252
1164.659345, 0.009352
1181.948514, 0.009452
1199.217668, 0.009552
1216.467509, 0.009652
1233.698818, 0.009752
1250.912449, 0.009852
1268.109331, 0.009952
1285.290458, 0.010052
1302.456888, 0.010152
1319.609739, 0.010252
1336.750187, 0.010352
1353.879457, 0.010452
1370.998825, 0.010552
1388.109609, 0.010652
1405.213170, 0.010752
1422.310905, 0.010852
1439.404243, 0.010952
1456.494644, 0.011052
1473.583591, 0.011152
1490.672592, 0.011252
1507.763168, 0.011352
1524.856858, 0.011452
1541.955208, 0.011552
1559.059772, 0.011652
1576.172105, 0.011752
1593.293762, 0.011852
1610.426290, 0.011952
1627.571228, 0.012052
1644.730104, 0.012152
1661.904427, 0.012252
1679.095684, 0.012352
1696.305340, 0.012452
1713.534830, 0.012552
1730.785557, 0.012652
1748.058889, 0.012752
1765.356151, 0.012852
1782.678628, 0.012952
1800.027554, 0.013052
1817.404114, 0.013152
1834.809437, 0.013252
1852.244592, 0.013352
1869.710585, 0.013452
1887.208355, 0.013552
1904.738773, 0.013652
1922.302632, 0.013752
1939.900648, 0.013852
1957.533455, 0.013952
1975.201601, 0.014052
1992.905543, 0.014152
2010.645646, 0.014252
2028.422175, 0.014352
2046.235297, 0.014452
2064.085070, 0.014552
2081.971445, 0.014652
2099.894261, 0.014752
2117.853238, 0.014852
2135.847976, 0.014952
2153.877951, 0.015052
2171.942511, 0.015152
2190.040870, 0.015252
2208.172110, 0.015352
2226.335168, 0.015452
2244.528842, 0.015552
2262.751778, 0.015652
2281.002476, 0.015752
2299.279275, 0.015852
2317.580360, 0.015952
2335.903749, 0.016052
2354.247297, 0.016152
2372.608686, 0.016252
2390.985424, 0.016352
2409.374841, 0.016452
2427.774086, 0.016552
2446.180120, 0.016652
2464.589716, 0.016752
2482.999453, 0.016852
2501.405711, 0.016952
2519.804671, 0.017052
2538.192308, 0.017152
2556.564388, 0.017252
2574.916463, 0.017352
2593.243871, 0.017452
2611.541728, 0.017552
2629.804925, 0.017652
2648.028126, 0.017752
2666.205762, 0.017852
2684.332029, 0.017952
2702.400884, 0.018052
2720.406038, 0.018152
2738.340958, 0.018252
2756.198856, 0.018352
2773.972693, 0.018452
2791.655168, 0.018552
2809.238718, 0.018652
2826.715514, 0.018752
2844.077458, 0.018852
2861.316174, 0.018952
2878.423010, 0.019052
2895.389034, 0.019152
2912.205026, 0.019252
2928.861476, 0.019352
2945.348581, 0.019452
2961.656243, 0.019552
2977.774059, 0.019652
2993.691323, 0.019752
3009.397022, 0.019852
3024.879827, 0.019952
3040.128094, 0.020052
3055.129860, 0.020152
3069.872835, 0.020252
1474297502786.37, 10000000.020252