
-30000.0, -100.0
0.000000, 0.000000
0.606854, 0.001735
0.802911, 0.001745
1.004206, 0.001755
1.210762, 0.001765
1.422603, 0.001775
1.639751, 0.001785
1.862229, 0.001795
2.090059, 0.001805
2.323264, 0.001815
2.561866, 0.001825
2.805886, 0.001835
3.055347, 0.001845
3.310269, 0.001855
3.570674, 0.001865
3.836583, 0.001875
4.108016, 0.001885
4.384995, 0.001895
4.667540, 0.001905
4.955670, 0.001915
5.249406, 0.001925
5.548768, 0.001935
5.853775, 0.001945
6.164447, 0.001955
6.480803, 0.001965
6.802861, 0.001975
7.130641, 0.001985
7.464161, 0.001995
7.803440, 0.002005
8.148495, 0.002015
8.499345, 0.002025
8.856008, 0.002035
9.218500, 0.002045
9.586839, 0.002055
9.961043, 0.002065
10.341128, 0.002075
10.727111, 0.002085
11.119008, 0.002095
11.516837, 0.002105
11.920612, 0.002115
12.330351, 0.002125
12.746068, 0.002135
13.167779, 0.002145
13.595499, 0.002155
14.029244, 0.002165
14.469028, 0.002175
14.914866, 0.002185
15.366773, 0.002195
15.824762, 0.002205
16.288849, 0.002215
16.759046, 0.002225
17.235367, 0.002235
17.717826, 0.002245
18.206436, 0.002255
18.701211, 0.002265
19.202162, 0.002275
19.709303, 0.002285
20.222646, 0.002295
20.742203, 0.002305
21.267987, 0.002315
21.800008, 0.002325
22.338280, 0.002335
22.882812, 0.002345
23.433617, 0.002355
23.990705, 0.002365
24.554087, 0.002375
25.123774, 0.002385
25.699776, 0.002395
26.282103, 0.002405
26.870765, 0.002415
27.465773, 0.002425
28.067135, 0.002435
28.674861, 0.002445
29.288960, 0.002455
29.909442, 0.002465
30.536314, 0.002475
31.169585, 0.002485
31.809265, 0.002495
32.455360, 0.002505
33.107878, 0.002515
33.766829, 0.002525
34.432218, 0.002535
35.104054, 0.002545
35.782343, 0.002555
36.467093, 0.002565
37.158310, 0.002575
37.856000, 0.002585
38.560170, 0.002595
39.270827, 0.002605
39.987975, 0.002615
40.711621, 0.002625
41.441769, 0.002635
42.178427, 0.002645
42.921597, 0.002655
43.671286, 0.002665
44.427498, 0.002675
45.190237, 0.002685
45.959507, 0.002695
46.735314, 0.002705
47.517660, 0.002715
48.306549, 0.002725
49.101984, 0.002735
49.903970, 0.002745
50.712508, 0.002755
51.527602, 0.002765
52.349255, 0.002775
53.177468, 0.002785
54.012244, 0.002795
54.853585, 0.002805
55.701493, 0.002815
56.555969, 0.002825
57.417014, 0.002835
58.284631, 0.002845
59.158820, 0.002855
60.039581, 0.002865
60.926915, 0.002875
61.820823, 0.002885
62.721305, 0.002895
63.628361, 0.002905
64.541990, 0.002915
65.462192, 0.002925
66.388966, 0.002935
67.322312, 0.002945
68.262228, 0.002955
69.208714, 0.002965
70.161767, 0.002975
71.121387, 0.002985
72.087570, 0.002995
73.060316, 0.003005
74.039621, 0.003015
75.025484, 0.003025
76.017901, 0.003035
77.016870, 0.003045
78.022388, 0.003055
79.034451, 0.003065
80.053056, 0.003075
81.078198, 0.003085
82.109875, 0.003095
83.148082, 0.003105
84.192815, 0.003115
85.244068, 0.003125
86.301838, 0.003135
87.366120, 0.003145
88.436907, 0.003155
89.514196, 0.003165
90.597980, 0.003175
91.688253, 0.003185
92.785011, 0.003195
93.888245, 0.003205
94.997951, 0.003215
96.114121, 0.003225
97.236749, 0.003235
98.365828, 0.003245
99.501350, 0.003255
100.643308, 0.003265
101.791695, 0.003275
102.946502, 0.003285
104.107723, 0.003295
105.275347, 0.003305
106.449368, 0.003315
107.629776, 0.003325
108.816563, 0.003335
110.009719, 0.003345
111.209235, 0.003355
112.415103, 0.003365
113.627312, 0.003375
114.845852, 0.003385
116.070713, 0.003395
117.301885, 0.003405
118.539358, 0.003415
119.783121, 0.003425
121.033163, 0.003435
122.289473, 0.003445
123.552039, 0.003455
124.820851, 0.003465
126.095896, 0.003475
127.377162, 0.003485
128.664639, 0.003495
129.958312, 0.003505
131.258170, 0.003515
132.564200, 0.003525
133.876389, 0.003535
135.194723, 0.003545
136.519191, 0.003555
137.849777, 0.003565
139.186469, 0.003575
140.529252, 0.003585
141.878112, 0.003595
143.233035, 0.003605
144.594007, 0.003615
145.961011, 0.003625
147.334035, 0.003635
148.713062, 0.003645
150.098077, 0.003655
151.489064, 0.003665
152.886008, 0.003675
154.288893, 0.003685
155.697702, 0.003695
157.112419, 0.003705
158.533028, 0.003715
159.959511, 0.003725
161.391852, 0.003735
162.830033, 0.003745
164.274038, 0.003755
165.723848, 0.003765
167.179445, 0.003775
168.640812, 0.003785
170.107931, 0.003795
171.580782, 0.003805
173.059347, 0.003815
174.543608, 0.003825
176.033545, 0.003835
177.529139, 0.003845
179.030371, 0.003855
180.537221, 0.003865
182.049669, 0.003875
183.567694, 0.003885
185.091278, 0.003895
186.620398, 0.003905
188.155036, 0.003915
189.695168, 0.003925
191.240776, 0.003935
192.791836, 0.003945
194.348329, 0.003955
195.910231, 0.003965
197.477521, 0.003975
199.050177, 0.003985
200.628177, 0.003995
202.211498, 0.004005
203.800118, 0.004015
205.394013, 0.004025
206.993160, 0.004035
208.597536, 0.004045
210.207118, 0.004055
211.821881, 0.004065
213.441802, 0.004075
215.066856, 0.004085
216.697019, 0.004095
218.332267, 0.004105
219.972575, 0.004115
221.617918, 0.004125
223.268270, 0.004135
224.923606, 0.004145
226.583901, 0.004155
228.249129, 0.004165
229.919264, 0.004175
231.594279, 0.004185
233.274149, 0.004195
234.958846, 0.004205
236.648343, 0.004215
238.342615, 0.004225
240.041633, 0.004235
241.745370, 0.004245
243.453798, 0.004255
245.166890, 0.004265
246.884618, 0.004275
248.606952, 0.004285
250.333866, 0.004295
252.065329, 0.004305
253.801314, 0.004315
255.541791, 0.004325
257.286731, 0.004335
259.036105, 0.004345
260.789882, 0.004355
262.548033, 0.004365
264.310528, 0.004375
266.077336, 0.004385
267.848427, 0.004395
269.623771, 0.004405
271.403335, 0.004415
273.187090, 0.004425
274.975004, 0.004435
276.767045, 0.004445
278.563182, 0.004455
280.363383, 0.004465
282.167615, 0.004475
283.975846, 0.004485
285.788044, 0.004495
287.604176, 0.004505
289.424209, 0.004515
291.248109, 0.004525
293.075845, 0.004535
294.907380, 0.004545
296.742683, 0.004555
298.581719, 0.004565
300.424454, 0.004575
302.270854, 0.004585
304.120883, 0.004595
305.974508, 0.004605
307.831693, 0.004615
309.692402, 0.004625
311.556602, 0.004635
313.424255, 0.004645
315.295326, 0.004655
317.169779, 0.004665
319.047578, 0.004675
320.928686, 0.004685
322.813068, 0.004695
324.700685, 0.004705
326.591501, 0.004715
328.485478, 0.004725
330.382580, 0.004735
332.282768, 0.004745
334.186005, 0.004755
336.092253, 0.004765
338.001472, 0.004775
339.913626, 0.004785
341.828674, 0.004795
343.746579, 0.004805
345.667301, 0.004815
347.590801, 0.004825
349.517040, 0.004835
351.445977, 0.004845
353.377572, 0.004855
355.311787, 0.004865
357.248579, 0.004875
359.187910, 0.004885
361.129737, 0.004895
363.074021, 0.004905
365.020719, 0.004915
366.969792, 0.004925
368.921196, 0.004935
370.874891, 0.004945
372.830834, 0.004955
374.788983, 0.004965
376.749297, 0.004975
378.711731, 0.004985
380.676244, 0.004995
382.642793, 0.005005
384.611334, 0.005015
386.581824, 0.005025
388.554220, 0.005035
390.528477, 0.005045
392.504552, 0.005055
394.482400, 0.005065
396.461977, 0.005075
398.443239, 0.005085
400.426140, 0.005095
402.410636, 0.005105
404.396681, 0.005115
406.384230, 0.005125
408.373238, 0.005135
410.363657, 0.005145
412.355444, 0.005155
414.348550, 0.005165
416.342930, 0.005175
418.338537, 0.005185
420.335324, 0.005195
422.333245, 0.005205
424.332251, 0.005215
426.332295, 0.005225
428.333331, 0.005235
430.335309, 0.005245
432.338182, 0.005255
434.341901, 0.005265
436.346418, 0.005275
438.351685, 0.005285
440.357652, 0.005295
442.364270, 0.005305
444.371489, 0.005315
446.379262, 0.005325
448.387537, 0.005335
450.396264, 0.005345
452.405395, 0.005355
454.414877, 0.005365
456.424662, 0.005375
458.434697, 0.005385
460.444932, 0.005395
462.455317, 0.005405
464.465798, 0.005415
466.476326, 0.005425
468.486848, 0.005435
470.497312, 0.005445
472.507666, 0.005455
474.517858, 0.005465
476.527835, 0.005475
478.537544, 0.005485
480.546933, 0.005495
482.555947, 0.005505
484.564535, 0.005515
486.572641, 0.005525
488.580213, 0.005535
490.587195, 0.005545
492.593535, 0.005555
494.599178, 0.005565
496.604068, 0.005575
498.608152, 0.005585
500.611374, 0.005595
502.613678, 0.005605
504.615010, 0.005615
506.615314, 0.005625
508.614534, 0.005635
510.612613, 0.005645
512.609497, 0.005655
514.605127, 0.005665
516.599447, 0.005675
518.592402, 0.005685
520.583932, 0.005695
522.573982, 0.005705
524.562494, 0.005715
526.549409, 0.005725
528.534671, 0.005735
530.518221, 0.005745
532.500000, 0.005755
549.526625, 0.005852
567.060362, 0.005952
584.629188, 0.006052
602.228617, 0.006152
619.854379, 0.006252
637.502410, 0.006352
655.168855, 0.006452
672.850057, 0.006552
690.542562, 0.006652
708.243106, 0.006752
725.948618, 0.006852
743.656212, 0.006952
761.363187, 0.007052
779.067019, 0.007152
796.765359, 0.007252
814.456031, 0.007352
832.137024, 0.007452
849.806493, 0.007552
867.462750, 0.007652
885.104266, 0.007752
902.729661, 0.007852
920.337706, 0.007952
937.927315, 0.008052
955.497541, 0.008152
973.047577, 0.008252
990.576746, 0.008352
1008.084501, 0.008452
1025.570421, 0.008552
1043.034205, 0.008652
1060.475669, 0.008752
1077.894746, 0.008852
1095.291474, 0.008952
1112.666001, 0.009052
1130.018575, 0.009152
1147.349542, 0.009252
1164.659345, 0.009352
1181.948514, 0.009452
1199.217668, 0.009552
1216.467509, 0.009652
1233.698818, 0.009752
1250.912449, 0.009852
1268.109331, 0.009952
1285.290458, 0.010052
1302.456888, 0.010152
1319.609739, 0.010252
1336.750187, 0.010352
1353.879457, 0.010452
1370.998825, 0.010552
1388.109609, 0.010652
1405.213170, 0.010752
1422.310905, 0.010852
1439.404243, 0.010952
1456.494644, 0.011052
1473.583591, 0.011152
1490.672592, 0.011252
1507.763168, 0.011352
1524.856858, 0.011452
1541.955208, 0.011552
1559.059772, 0.011652
1576.172105, 0.011752
1593.293762, 0.011852
1610.426290, 0.011952
1627.571228, 0.012052
1644.730104, 0.012152
1661.904427, 0.012252
1679.095684, 0.012352
1696.305340, 0.012452
1713.534830, 0.012552
1730.785557, 0.012652
1748.058889, 0.012752
1765.356151, 0.012852
1782.678628, 0.012952
1800.027554, 0.013052
1817.404114, 0.013152
1834.809437, 0.013252
1852.244592, 0.013352
1869.710585, 0.013452
1887.208355, 0.013552
1904.738773, 0.013652
1922.302632, 0.013752
1939.900648, 0.013852
1957.533455, 0.013952
1975.201601, 0.014052
1992.905543, 0.014152
2010.645646, 0.014252
2028.422175, 0.014352
2046.235297, 0.014452
2064.085070, 0.014552
2081.971445, 0.014652
2099.894261, 0.014752
2117.853238, 0.014852
2135.847976, 0.014952
2153.877951, 0.015052
2171.942511, 0.015152
2190.040870, 0.015252
2208.172110, 0.015352
2226.335168, 0.015452
2244.528842, 0.015552
2262.751778, 0.015652
2281.002476, 0.015752
2299.279275, 0.015852
2317.580360, 0.015952
2335.903749, 0.016052
2354.247297, 0.016152
2372.608686, 0.016252
2390.985424, 0.016352
2409.374841, 0.016452
2427.774086, 0.016552
2446.180120, 0.016652
2464.589716, 0.016752
2482.999453, 0.016852
2501.405711, 0.016952
2519.804671, 0.017052
2538.192308, 0.017152
2556.564388, 0.017252
2574.916463, 0.017352
2593.243871, 0.017452
2611.541728, 0.017552
2629.804925, 0.017652
2648.028126, 0.017752
2666.205762, 0.017852
2684.332029, 0.017952
2702.400884, 0.018052
2720.406038, 0.018152
2738.340958, 0.018252
2756.198856, 0.018352
2773.972693, 0.018452
2791.655168, 0.018552
2809.238718, 0.018652
2826.715514, 0.018752
2844.077458, 0.018852
2861.316174, 0.018952
2878.423010, 0.019052
2895.389034, 0.019152
2912.205026, 0.019252
2928.861476, 0.019352
2945.348581, 0.019452
2961.656243, 0.019552
2977.774059, 0.019652
2993.691323, 0.019752
3009.397022, 0.019852
3024.879827, 0.019952
3040.128094, 0.020052
3055.129860, 0.020152
3069.872835, 0.020252
1474297502786.37, 10000000.020252