
-0.0000001, -100.0
0.000000, 0.000000
3.973099, 0.001396
3.990647, 0.001406
4.011717, 0.001416
4.036386, 0.001426
4.064728, 0.001436
4.096815, 0.001446
4.132722, 0.001456
4.172521, 0.001466
4.216285, 0.001476
4.264086, 0.001486
4.315996, 0.001496
4.372084, 0.001506
4.432422, 0.001516
4.497080, 0.001526
4.566128, 0.001536
4.639634, 0.001546
4.717668, 0.001556
4.800297, 0.001566
4.887589, 0.001576
4.979612, 0.001586
5.076432, 0.001596
5.178116, 0.001606
5.284730, 0.001616
5.396339, 0.001626
5.513008, 0.001636
5.634801, 0.001646
5.761782, 0.001656
5.894016, 0.001666
6.031565, 0.001676
6.174492, 0.001686
6.322858, 0.001696
6.476727, 0.001706
6.636158, 0.001716
6.801213, 0.001726
6.971951, 0.001736
7.148434, 0.001746
7.330719, 0.001756
7.518867, 0.001766
7.712935, 0.001776
7.912981, 0.001786
8.119064, 0.001796
8.331239, 0.001806
8.549564, 0.001816
8.774094, 0.001826
9.004886, 0.001836
9.241994, 0.001846
9.485473, 0.001856
9.735378, 0.001866
9.991762, 0.001876
10.254678, 0.001886
10.524179, 0.001896
10.800319, 0.001906
11.083147, 0.001916
11.372717, 0.001926
11.669079, 0.001936
11.972283, 0.001946
12.282380, 0.001956
12.599419, 0.001966
12.923450, 0.001976
13.254520, 0.001986
13.592678, 0.001996
13.937972, 0.002006
14.290449, 0.002016
14.650156, 0.002026
15.017140, 0.002036
15.391445, 0.002046
15.773118, 0.002056
16.162203, 0.002066
16.558744, 0.002076
16.962787, 0.002086
17.374374, 0.002096
17.793548, 0.002106
18.220352, 0.002116
18.654829, 0.002126
19.097019, 0.002136
19.546964, 0.002146
20.004704, 0.002156
20.470281, 0.002166
20.943733, 0.002176
21.425101, 0.002186
21.914422, 0.002196
22.411736, 0.002206
22.917080, 0.002216
23.430491, 0.002226
23.952008, 0.002236
24.481665, 0.002246
25.019500, 0.002256
25.565548, 0.002266
26.119844, 0.002276
26.682423, 0.002286
27.253319, 0.002296
27.832566, 0.002306
28.420196, 0.002316
29.016244, 0.002326
29.620740, 0.002336
30.233718, 0.002346
30.855207, 0.002356
31.485241, 0.002366
32.123848, 0.002376
32.771059, 0.002386
33.426903, 0.002396
34.091410, 0.002406
34.764609, 0.002416
35.446526, 0.002426
36.137190, 0.002436
36.836629, 0.002446
37.544868, 0.002456
38.261935, 0.002466
38.987855, 0.002476
39.722653, 0.002486
40.466354, 0.002496
41.218984, 0.002506
41.980564, 0.002516
42.751120, 0.002526
43.530675, 0.002536
44.319250, 0.002546
45.116867, 0.002556
45.923550, 0.002566
46.739318, 0.002576
47.564192, 0.002586
48.398193, 0.002596
49.241340, 0.002606
50.093653, 0.002616
50.955150, 0.002626
51.825850, 0.002636
52.705771, 0.002646
53.594930, 0.002656
54.493344, 0.002666
55.401030, 0.002676
56.318004, 0.002686
57.244280, 0.002696
58.179876, 0.002706
59.124804, 0.002716
60.079079, 0.002726
61.042716, 0.002736
62.015726, 0.002746
62.998123, 0.002756
63.989920, 0.002766
64.991128, 0.002776
66.001758, 0.002786
67.021821, 0.002796
68.051329, 0.002806
69.090290, 0.002816
70.138714, 0.002826
71.196611, 0.002836
72.263989, 0.002846
73.340856, 0.002856
74.427219, 0.002866
75.523087, 0.002876
76.628465, 0.002886
77.743360, 0.002896
78.867778, 0.002906
80.001724, 0.002916
81.145202, 0.002926
82.298218, 0.002936
83.460775, 0.002946
84.632877, 0.002956
85.814526, 0.002966
87.005726, 0.002976
88.206477, 0.002986
89.416783, 0.002996
90.636643, 0.003006
91.866060, 0.003016
93.105032, 0.003026
94.353559, 0.003036
95.611641, 0.003046
96.879277, 0.003056
98.156465, 0.003066
99.443203, 0.003076
100.739488, 0.003086
102.045317, 0.003096
103.360687, 0.003106
104.685594, 0.003116
106.020033, 0.003126
107.363999, 0.003136
108.717486, 0.003146
110.080490, 0.003156
111.453004, 0.003166
112.835020, 0.003176
114.226533, 0.003186
115.627533, 0.003196
117.038013, 0.003206
118.457963, 0.003216
119.887376, 0.003226
121.326242, 0.003236
122.774549, 0.003246
124.232289, 0.003256
125.699449, 0.003266
127.176019, 0.003276
128.661986, 0.003286
130.157339, 0.003296
131.662064, 0.003306
133.176147, 0.003316
134.699576, 0.003326
136.232336, 0.003336
137.774412, 0.003346
139.325789, 0.003356
140.886451, 0.003366
142.456383, 0.003376
144.035568, 0.003386
145.623988, 0.003396
147.221626, 0.003406
148.828465, 0.003416
150.444485, 0.003426
152.069669, 0.003436
153.703995, 0.003446
155.347446, 0.003456
157.000000, 0.003466
169.753681, 0.003552
184.693930, 0.003652
199.840190, 0.003752
215.182005, 0.003852
230.709222, 0.003952
246.411984, 0.004052
262.280731, 0.004152
278.306190, 0.004252
294.479377, 0.004352
310.791589, 0.004452
327.234403, 0.004552
343.799670, 0.004652
360.479513, 0.004752
377.266321, 0.004852
394.152748, 0.004952
411.131705, 0.005052
428.196362, 0.005152
445.340139, 0.005252
462.556704, 0.005352
479.839970, 0.005452
497.184090, 0.005552
514.583453, 0.005652
532.032681, 0.005752
549.526625, 0.005852
567.060362, 0.005952
584.629188, 0.006052
602.228617, 0.006152
619.854379, 0.006252
637.502410, 0.006352
655.168855, 0.006452
672.850057, 0.006552
690.542562, 0.006652
708.243106, 0.006752
725.948618, 0.006852
743.656212, 0.006952
761.363187, 0.007052
779.067019, 0.007152
796.765359, 0.007252
814.456031, 0.007352
832.137024, 0.007452
849.806493, 0.007552
867.462750, 0.007652
885.104266, 0.007752
902.729661, 0.007852
920.337706, 0.007952
937.927315, 0.008052
955.497541, 0.008152
973.047577, 0.008252
990.576746, 0.008352
1008.084501, 0.008452
1025.570421, 0.008552
1043.034205, 0.008652
1060.475669, 0.008752
1077.894746, 0.008852
1095.291474, 0.008952
1112.666001, 0.009052
1130.018575, 0.009152
1147.349542, 0.009252
1164.659345, 0.009352
1181.948514, 0.009452
1199.217668, 0.009552
1216.467509, 0.009652
1233.698818, 0.009752
1250.912449, 0.009852
1268.109331, 0.009952
1285.290458, 0.010052
1302.456888, 0.010152
1319.609739, 0.010252
1336.750187, 0.010352
1353.879457, 0.010452
1370.998825, 0.010552
1388.109609, 0.010652
1405.213170, 0.010752
1422.310905, 0.010852
1439.404243, 0.010952
1456.494644, 0.011052
1473.583591, 0.011152
1490.672592, 0.011252
1507.763168, 0.011352
1524.856858, 0.011452
1541.955208, 0.011552
1559.059772, 0.011652
1576.172105, 0.011752
1593.293762, 0.011852
1610.426290, 0.011952
1627.571228, 0.012052
1644.730104, 0.012152
1661.904427, 0.012252
1679.095684, 0.012352
1696.305340, 0.012452
1713.534830, 0.012552
1730.785557, 0.012652
1748.058889, 0.012752
1765.356151, 0.012852
1782.678628, 0.012952
1800.027554, 0.013052
1817.404114, 0.013152
1834.809437, 0.013252
1852.244592, 0.013352
1869.710585, 0.013452
1887.208355, 0.013552
1904.738773, 0.013652
1922.302632, 0.013752
1939.900648, 0.013852
1957.533455, 0.013952
1975.201601, 0.014052
1992.905543, 0.014152
2010.645646, 0.014252
2028.422175, 0.014352
2046.235297, 0.014452
2064.085070, 0.014552
2081.971445, 0.014652
2099.894261, 0.014752
2117.853238, 0.014852
2135.847976, 0.014952
2153.877951, 0.015052
2171.942511, 0.015152
2190.040870, 0.015252
2208.172110, 0.015352
2226.335168, 0.015452
2244.528842, 0.015552
2262.751778, 0.015652
2281.002476, 0.015752
2299.279275, 0.015852
2317.580360, 0.015952
2335.903749, 0.016052
2354.247297, 0.016152
2372.608686, 0.016252
2390.985424, 0.016352
2409.374841, 0.016452
2427.774086, 0.016552
2446.180120, 0.016652
2464.589716, 0.016752
2482.999453, 0.016852
2501.405711, 0.016952
2519.804671, 0.017052
2538.192308, 0.017152
2556.564388, 0.017252
2574.916463, 0.017352
2593.243871, 0.017452
2611.541728, 0.017552
2629.804925, 0.017652
2648.028126, 0.017752
2666.205762, 0.017852
2684.332029, 0.017952
2702.400884, 0.018052
2720.406038, 0.018152
2738.340958, 0.018252
2756.198856, 0.018352
2773.972693, 0.018452
2791.655168, 0.018552
2809.238718, 0.018652
2826.715514, 0.018752
2844.077458, 0.018852
2861.316174, 0.018952
2878.423010, 0.019052
2895.389034, 0.019152
2912.205026, 0.019252
2928.861476, 0.019352
2945.348581, 0.019452
2961.656243, 0.019552
2977.774059, 0.019652
2993.691323, 0.019752
3009.397022, 0.019852
3024.879827, 0.019952
3040.128094, 0.020052
3055.129860, 0.020152
3069.872835, 0.020252
1474297502786.37, 10000000.020252