
-100, -100.0
0.000000, 0.000000
0.601475, 0.001890
0.911177, 0.001900
1.226711, 0.001910
1.548074, 0.001920
1.875264, 0.001930
2.208277, 0.001940
2.547110, 0.001950
2.891761, 0.001960
3.242227, 0.001970
3.598504, 0.001980
3.960590, 0.001990
4.328482, 0.002000
4.702177, 0.002010
5.081671, 0.002020
5.466961, 0.002030
5.858045, 0.002040
6.254918, 0.002050
6.657578, 0.002060
7.066022, 0.002070
7.480246, 0.002080
7.900246, 0.002090
8.326020, 0.002100
8.757564, 0.002110
9.194875, 0.002120
9.637948, 0.002130
10.086781, 0.002140
10.541370, 0.002150
11.001711, 0.002160
11.467801, 0.002170
11.939636, 0.002180
12.417213, 0.002190
12.900527, 0.002200
13.389575, 0.002210
13.884353, 0.002220
14.384857, 0.002230
14.891084, 0.002240
15.403029, 0.002250
15.920689, 0.002260
16.444059, 0.002270
16.973136, 0.002280
17.507916, 0.002290
18.048394, 0.002300
18.594567, 0.002310
19.146429, 0.002320
19.703978, 0.002330
20.267209, 0.002340
20.836117, 0.002350
21.410699, 0.002360
21.990950, 0.002370
22.576865, 0.002380
23.168441, 0.002390
23.765672, 0.002400
24.368555, 0.002410
24.977085, 0.002420
25.591258, 0.002430
26.211068, 0.002440
26.836512, 0.002450
27.467585, 0.002460
28.104281, 0.002470
28.746597, 0.002480
29.394528, 0.002490
30.048068, 0.002500
30.707213, 0.002510
31.371959, 0.002520
32.042300, 0.002530
32.718232, 0.002540
33.399749, 0.002550
34.086847, 0.002560
34.779521, 0.002570
35.477765, 0.002580
36.181575, 0.002590
36.890945, 0.002600
37.605870, 0.002610
38.326346, 0.002620
39.052366, 0.002630
39.783927, 0.002640
40.521021, 0.002650
41.263645, 0.002660
42.011793, 0.002670
42.765458, 0.002680
43.524637, 0.002690
44.289324, 0.002700
45.059512, 0.002710
45.835198, 0.002720
46.616374, 0.002730
47.403035, 0.002740
48.195177, 0.002750
48.992793, 0.002760
49.795877, 0.002770
50.604424, 0.002780
51.418428, 0.002790
52.237883, 0.002800
53.062783, 0.002810
53.893124, 0.002820
54.728898, 0.002830
55.570099, 0.002840
56.416723, 0.002850
57.268762, 0.002860
58.126211, 0.002870
58.989064, 0.002880
59.857314, 0.002890
60.730956, 0.002900
61.609984, 0.002910
62.494390, 0.002920
63.384170, 0.002930
64.279316, 0.002940
65.179822, 0.002950
66.085682, 0.002960
66.996890, 0.002970
67.913440, 0.002980
68.835324, 0.002990
69.762536, 0.003000
70.695071, 0.003010
71.632920, 0.003020
72.576079, 0.003030
73.524539, 0.003040
74.478295, 0.003050
75.437340, 0.003060
76.401667, 0.003070
77.371269, 0.003080
78.346139, 0.003090
79.326272, 0.003100
80.311659, 0.003110
81.302294, 0.003120
82.298171, 0.003130
83.299281, 0.003140
84.305619, 0.003150
85.317177, 0.003160
86.333948, 0.003170
87.355925, 0.003180
88.383101, 0.003190
89.415468, 0.003200
90.453020, 0.003210
91.495750, 0.003220
92.543649, 0.003230
93.596711, 0.003240
94.654929, 0.003250
95.718295, 0.003260
96.786801, 0.003270
97.860440, 0.003280
98.939206, 0.003290
100.023089, 0.003300
101.112083, 0.003310
102.206181, 0.003320
103.305374, 0.003330
104.409654, 0.003340
105.519015, 0.003350
106.633449, 0.003360
107.752947, 0.003370
108.877503, 0.003380
110.007108, 0.003390
111.141754, 0.003400
112.281433, 0.003410
113.426138, 0.003420
114.575861, 0.003430
115.730593, 0.003440
116.890327, 0.003450
118.055055, 0.003460
119.224768, 0.003470
120.399458, 0.003480
121.579118, 0.003490
122.763739, 0.003500
123.953313, 0.003510
125.147831, 0.003520
126.347285, 0.003530
127.551668, 0.003540
128.760970, 0.003550
129.975183, 0.003560
131.194299, 0.003570
132.418309, 0.003580
133.647206, 0.003590
134.880979, 0.003600
136.119621, 0.003610
137.363124, 0.003620
138.611478, 0.003630
139.864674, 0.003640
141.122705, 0.003650
142.385562, 0.003660
143.653235, 0.003670
144.925715, 0.003680
146.202995, 0.003690
147.485065, 0.003700
148.771916, 0.003710
150.063540, 0.003720
151.359926, 0.003730
152.661067, 0.003740
153.966953, 0.003750
155.277576, 0.003760
156.592925, 0.003770
157.912993, 0.003780
159.237769, 0.003790
160.567245, 0.003800
161.901410, 0.003810
163.240257, 0.003820
164.583776, 0.003830
165.931957, 0.003840
167.284791, 0.003850
168.642268, 0.003860
170.004379, 0.003870
171.371115, 0.003880
172.742466, 0.003890
174.118423, 0.003900
175.498975, 0.003910
176.884113, 0.003920
178.273829, 0.003930
179.668111, 0.003940
181.066950, 0.003950
182.470337, 0.003960
183.878261, 0.003970
185.290713, 0.003980
186.707683, 0.003990
188.129161, 0.004000
189.555137, 0.004010
190.985601, 0.004020
192.420544, 0.004030
193.859954, 0.004040
195.303822, 0.004050
196.752139, 0.004060
198.204893, 0.004070
199.662074, 0.004080
201.123673, 0.004090
202.589679, 0.004100
204.060082, 0.004110
205.534871, 0.004120
207.014037, 0.004130
208.497568, 0.004140
209.985455, 0.004150
211.477687, 0.004160
212.974253, 0.004170
214.475143, 0.004180
215.980347, 0.004190
217.489853, 0.004200
219.003651, 0.004210
220.521731, 0.004220
222.044082, 0.004230
223.570693, 0.004240
225.101553, 0.004250
226.636652, 0.004260
228.175978, 0.004270
229.719521, 0.004280
231.267271, 0.004290
232.819215, 0.004300
234.375343, 0.004310
235.935645, 0.004320
237.500108, 0.004330
239.068723, 0.004340
240.641477, 0.004350
242.218360, 0.004360
243.799361, 0.004370
245.384468, 0.004380
246.973670, 0.004390
248.566956, 0.004400
250.164314, 0.004410
251.765734, 0.004420
253.371203, 0.004430
254.980711, 0.004440
256.594246, 0.004450
258.211796, 0.004460
259.833351, 0.004470
261.458897, 0.004480
263.088425, 0.004490
264.721922, 0.004500
266.359376, 0.004510
268.000776, 0.004520
269.646111, 0.004530
271.295368, 0.004540
272.948535, 0.004550
274.605602, 0.004560
276.266555, 0.004570
277.931383, 0.004580
279.600075, 0.004590
281.272618, 0.004600
282.949000, 0.004610
284.629209, 0.004620
286.313233, 0.004630
288.001060, 0.004640
289.692678, 0.004650
291.388075, 0.004660
293.087238, 0.004670
294.790155, 0.004680
296.496815, 0.004690
298.207204, 0.004700
299.921311, 0.004710
301.639122, 0.004720
303.360627, 0.004730
305.085811, 0.004740
306.814663, 0.004750
308.547170, 0.004760
310.283320, 0.004770
312.023100, 0.004780
313.766497, 0.004790
315.513500, 0.004800
317.264094, 0.004810
319.018268, 0.004820
320.776008, 0.004830
322.537302, 0.004840
324.302137, 0.004850
326.070501, 0.004860
327.842380, 0.004870
329.617761, 0.004880
331.396632, 0.004890
333.178979, 0.004900
334.964789, 0.004910
336.754050, 0.004920
338.546749, 0.004930
340.342871, 0.004940
342.142405, 0.004950
343.945336, 0.004960
345.751652, 0.004970
347.561339, 0.004980
349.374384, 0.004990
351.190774, 0.005000
353.010495, 0.005010
354.833535, 0.005020
356.659878, 0.005030
358.489513, 0.005040
360.322425, 0.005050
362.158601, 0.005060
363.998028, 0.005070
365.840692, 0.005080
367.686578, 0.005090
369.535674, 0.005100
371.387966, 0.005110
373.243440, 0.005120
375.102083, 0.005130
376.963879, 0.005140
378.828817, 0.005150
380.696881, 0.005160
382.568058, 0.005170
384.442334, 0.005180
386.319694, 0.005190
388.200126, 0.005200
390.083614, 0.005210
391.970146, 0.005220
393.859705, 0.005230
395.752280, 0.005240
397.647854, 0.005250
399.546415, 0.005260
401.447947, 0.005270
403.352437, 0.005280
405.259870, 0.005290
407.170232, 0.005300
409.083508, 0.005310
410.999685, 0.005320
412.918747, 0.005330
414.840679, 0.005340
416.765469, 0.005350
418.693100, 0.005360
420.623559, 0.005370
422.556830, 0.005380
424.492900, 0.005390
426.431753, 0.005400
428.373374, 0.005410
430.317749, 0.005420
432.264864, 0.005430
434.214702, 0.005440
436.167250, 0.005450
438.122492, 0.005460
440.080413, 0.005470
442.040999, 0.005480
444.004235, 0.005490
445.970105, 0.005500
447.938594, 0.005510
449.909688, 0.005520
451.883370, 0.005530
453.859627, 0.005540
455.838442, 0.005550
457.819801, 0.005560
459.803688, 0.005570
461.790087, 0.005580
463.778984, 0.005590
465.770363, 0.005600
467.764209, 0.005610
469.760506, 0.005620
471.759239, 0.005630
473.760392, 0.005640
475.763949, 0.005650
477.769896, 0.005660
479.778215, 0.005670
481.788893, 0.005680
483.801913, 0.005690
485.817259, 0.005700
487.834915, 0.005710
489.854867, 0.005720
491.877097, 0.005730
493.901590, 0.005740
495.928330, 0.005750
497.957302, 0.005760
499.988488, 0.005770
502.021874, 0.005780
504.057443, 0.005790
506.095180, 0.005800
508.135067, 0.005810
510.177089, 0.005820
512.221230, 0.005830
514.267473, 0.005840
516.315802, 0.005850
518.366201, 0.005860
520.418654, 0.005870
522.473145, 0.005880
524.529656, 0.005890
526.588171, 0.005900
528.648675, 0.005910
530.711150, 0.005920
532.775580, 0.005930
534.841948, 0.005940
536.910239, 0.005950
538.980434, 0.005960
541.052518, 0.005970
543.126475, 0.005980
545.202286, 0.005990
547.279935, 0.006000
549.359407, 0.006010
551.440683, 0.006020
553.523747, 0.006030
555.608582, 0.006040
557.695171, 0.006050
559.783497, 0.006060
561.873543, 0.006070
563.965292, 0.006080
566.058728, 0.006090
568.153832, 0.006100
570.250588, 0.006110
572.348979, 0.006120
574.448987, 0.006130
576.550595, 0.006140
578.653786, 0.006150
580.758542, 0.006160
582.864847, 0.006170
584.972683, 0.006180
587.082032, 0.006190
589.192877, 0.006200
591.305200, 0.006210
593.418985, 0.006220
595.534213, 0.006230
597.650867, 0.006240
599.768929, 0.006250
601.888381, 0.006260
604.009207, 0.006270
606.131388, 0.006280
608.254906, 0.006290
610.379744, 0.006300
612.505883, 0.006310
614.633307, 0.006320
616.761996, 0.006330
618.891934, 0.006340
621.023102, 0.006350
623.155482, 0.006360
625.289056, 0.006370
627.423806, 0.006380
629.559714, 0.006390
631.696762, 0.006400
633.834932, 0.006410
635.974205, 0.006420
638.114564, 0.006430
640.255989, 0.006440
642.398463, 0.006450
644.541967, 0.006460
646.686484, 0.006470
648.831994, 0.006480
650.978479, 0.006490
653.125920, 0.006500
655.274300, 0.006510
657.423599, 0.006520
659.573800, 0.006530
661.724882, 0.006540
663.876829, 0.006550
666.029620, 0.006560
668.183238, 0.006570
670.337663, 0.006580
672.492878, 0.006590
674.648862, 0.006600
676.805597, 0.006610
678.963065, 0.006620
681.121246, 0.006630
683.280121, 0.006640
685.439672, 0.006650
687.599879, 0.006660
689.760723, 0.006670
691.922186, 0.006680
694.084247, 0.006690
696.246889, 0.006700
698.410091, 0.006710
700.573835, 0.006720
702.738101, 0.006730
704.902869, 0.006740
707.068122, 0.006750
709.233839, 0.006760
711.400000, 0.006770
725.948618, 0.006852
743.656212, 0.006952
761.363187, 0.007052
779.067019, 0.007152
796.765359, 0.007252
814.456031, 0.007352
832.137024, 0.007452
849.806493, 0.007552
867.462750, 0.007652
885.104266, 0.007752
902.729661, 0.007852
920.337706, 0.007952
937.927315, 0.008052
955.497541, 0.008152
973.047577, 0.008252
990.576746, 0.008352
1008.084501, 0.008452
1025.570421, 0.008552
1043.034205, 0.008652
1060.475669, 0.008752
1077.894746, 0.008852
1095.291474, 0.008952
1112.666001, 0.009052
1130.018575, 0.009152
1147.349542, 0.009252
1164.659345, 0.009352
1181.948514, 0.009452
1199.217668, 0.009552
1216.467509, 0.009652
1233.698818, 0.009752
1250.912449, 0.009852
1268.109331, 0.009952
1285.290458, 0.010052
1302.456888, 0.010152
1319.609739, 0.010252
1336.750187, 0.010352
1353.879457, 0.010452
1370.998825, 0.010552
1388.109609, 0.010652
1405.213170, 0.010752
1422.310905, 0.010852
1439.404243, 0.010952
1456.494644, 0.011052
1473.583591, 0.011152
1490.672592, 0.011252
1507.763168, 0.011352
1524.856858, 0.011452
1541.955208, 0.011552
1559.059772, 0.011652
1576.172105, 0.011752
1593.293762, 0.011852
1610.426290, 0.011952
1627.571228, 0.012052
1644.730104, 0.012152
1661.904427, 0.012252
1679.095684, 0.012352
1696.305340, 0.012452
1713.534830, 0.012552
1730.785557, 0.012652
1748.058889, 0.012752
1765.356151, 0.012852
1782.678628, 0.012952
1800.027554, 0.013052
1817.404114, 0.013152
1834.809437, 0.013252
1852.244592, 0.013352
1869.710585, 0.013452
1887.208355, 0.013552
1904.738773, 0.013652
1922.302632, 0.013752
1939.900648, 0.013852
1957.533455, 0.013952
1975.201601, 0.014052
1992.905543, 0.014152
2010.645646, 0.014252
2028.422175, 0.014352
2046.235297, 0.014452
2064.085070, 0.014552
2081.971445, 0.014652
2099.894261, 0.014752
2117.853238, 0.014852
2135.847976, 0.014952
2153.877951, 0.015052
2171.942511, 0.015152
2190.040870, 0.015252
2208.172110, 0.015352
2226.335168, 0.015452
2244.528842, 0.015552
2262.751778, 0.015652
2281.002476, 0.015752
2299.279275, 0.015852
2317.580360, 0.015952
2335.903749, 0.016052
2354.247297, 0.016152
2372.608686, 0.016252
2390.985424, 0.016352
2409.374841, 0.016452
2427.774086, 0.016552
2446.180120, 0.016652
2464.589716, 0.016752
2482.999453, 0.016852
2501.405711, 0.016952
2519.804671, 0.017052
2538.192308, 0.017152
2556.564388, 0.017252
2574.916463, 0.017352
2593.243871, 0.017452
2611.541728, 0.017552
2629.804925, 0.017652
2648.028126, 0.017752
2666.205762, 0.017852
2684.332029, 0.017952
2702.400884, 0.018052
2720.406038, 0.018152
2738.340958, 0.018252
2756.198856, 0.018352
2773.972693, 0.018452
2791.655168, 0.018552
2809.238718, 0.018652
2826.715514, 0.018752
2844.077458, 0.018852
2861.316174, 0.018952
2878.423010, 0.019052
2895.389034, 0.019152
2912.205026, 0.019252
2928.861476, 0.019352
2945.348581, 0.019452
2961.656243, 0.019552
2977.774059, 0.019652
2993.691323, 0.019752
3009.397022, 0.019852
3024.879827, 0.019952
3040.128094, 0.020052
3055.129860, 0.020152
3069.872835, 0.020252
1474297502786.37, 10000000.020252