-300000	-1000
0	0
0.303030303030308	0.000202020202020202
0.606060606060606	0.000404040404040404
0.909090909090910	0.000606060606060606
1.21212121212121	0.000808080808080808
1.51515151515152	0.00101010101010101
1.81818181818182	0.00121212121212121
2.12121212121212	0.00141414141414141
2.42424242424243	0.00161616161616162
2.72727272727273	0.00181818181818182
3.03030303030303	0.00202020202020202
3.33333333333334	0.00222222222222222
3.63636363636364	0.00242424242424242
3.93939393939394	0.00262626262626263
4.24242424242425	0.00282828282828283
4.54545454545455	0.00303030303030303
4.84848484848485	0.00323232323232323
5.15151515151515	0.00343434343434343
5.45454545454546	0.00363636363636364
5.75757575757576	0.00383838383838384
6.06060606060607	0.00404040404040404
6.36363636363636	0.00424242424242424
6.66666666666667	0.00444444444444444
6.96969696969697	0.00464646464646465
7.27272727272728	0.00484848484848485
7.57575757575758	0.00505050505050505
7.87878787878788	0.00525252525252525
8.18181818181818	0.00545454545454546
8.48484848484849	0.00565656565656566
8.78787878787879	0.00585858585858586
9.09090909090910	0.00606060606060606
9.39393939393939	0.00626262626262626
9.69696969696970	0.00646464646464647
10.0000000000000	0.00666666666666667
10.3030303030303	0.00686868686868687
10.6060606060606	0.00707070707070707
10.9090909090909	0.00727272727272727
11.2121212121212	0.00747474747474747
11.5151515151515	0.00767676767676768
11.8181818181818	0.00787878787878788
12.1212121212121	0.00808080808080808
12.4242424242424	0.00828282828282828
12.7272727272727	0.00848484848484848
13.0303030303030	0.00868686868686869
13.3333333333333	0.00888888888888889
13.6363636363636	0.00909090909090909
13.9393939393939	0.00929292929292929
14.2424242424242	0.00949494949494950
14.5454545454546	0.00969696969696970
14.8484848484848	0.00989898989898990
15.1515151515152	0.0101010101010101
15.4545454545455	0.0103030303030303
15.7575757575758	0.0105050505050505
16.0606060606061	0.0107070707070707
16.3636363636364	0.0109090909090909
16.6666666666667	0.0111111111111111
16.9696969696970	0.0113131313131313
17.2727272727273	0.0115151515151515
17.5757575757576	0.0117171717171717
17.8787878787879	0.0119191919191919
18.1818181818182	0.0121212121212121
18.4848484848485	0.0123232323232323
18.7878787878788	0.0125252525252525
19.0909090909091	0.0127272727272727
19.3939393939394	0.0129292929292929
19.6969696969697	0.0131313131313131
20.0000000000000	0.0133333333333333
20.3030303030303	0.0135353535353535
20.6060606060606	0.0137373737373737
20.9090909090909	0.0139393939393939
21.2121212121212	0.0141414141414141
21.5151515151515	0.0143434343434343
21.8181818181818	0.0145454545454545
22.1212121212121	0.0147474747474747
22.4242424242424	0.0149494949494949
22.7272727272727	0.0151515151515152
23.0303030303030	0.0153535353535354
23.6189324573970	0.0155555555555556
26.1060599451980	0.0157575757575758
30.7443900151779	0.0159595959595960
37.5339226673368	0.0161616161616162
46.4746579016748	0.0163636363636364
57.5665957181918	0.0165656565656566
70.8097361168877	0.0167676767676768
86.2040790977625	0.0169696969696970
103.749624660817	0.0171717171717172
123.446372806050	0.0173737373737374
145.294323533462	0.0175757575757576
169.293476843053	0.0177777777777778
195.443832734823	0.0179797979797980
222.874154162989	0.0181818181818182
250.315231604067	0.0183838383838384
277.756309045144	0.0185858585858586
305.197386486222	0.0187878787878788
332.638463927299	0.0189898989898990
360.079541368377	0.0191919191919192
387.520618809454	0.0193939393939394
414.961696250531	0.0195959595959596
442.402773691609	0.0197979797979798
469.843851132686	0.0200000000000000
1.35833333333109e+15	10000000000.0000