-30000.0000000000 -100.0000000000
0.0000000000 0.0000000000
0.0405381890 0.0003127633
0.0810763781 0.0006255265
0.1216145671 0.0009382898
0.1621527562 0.0012510530
0.2026909452 0.0015638163
0.2432291342 0.0018765795
0.2837673233 0.0021893428
0.3243055123 0.0025021060
0.3648437014 0.0028148693
0.4053818904 0.0031276325
0.4459200794 0.0034403958
0.4864582685 0.0037531590
0.5328803238 0.0040659223
0.5656506763 0.0043786855
0.6460420496 0.0046914488
0.7690198236 0.0050042120
0.9787939020 0.0053169753
1.3613397735 0.0056297385
1.9745306399 0.0059425018
3.1727252468 0.0062552650
5.5683861978 0.0065680283
9.7959754357 0.0068807915
16.5470999265 0.0071935548
27.0305309964 0.0075063181
42.7470371576 0.0078190813
63.1591115762 0.0081318446
86.9047766446 0.0084446078
113.3294393644 0.0087573711
141.7699923227 0.0090701343
172.4554938714 0.0093828976
204.7083117454 0.0096956608
238.8938451885 0.0100084241
273.9957347359 0.0103211873
311.7146386224 0.0106339506
350.5907662112 0.0109467138
391.2478860183 0.0112594771
432.7762234054 0.0115722403
476.4640579241 0.0118850036
520.8848975973 0.0121977668
567.0905015579 0.0125105301
613.8774042838 0.0128232933
662.1578192306 0.0131360566
712.0370113621 0.0134488198
763.0687869040 0.0137615831
816.9810222660 0.0140743463
873.4097214374 0.0143871096
932.6270851777 0.0146998729
996.2040296942 0.0150126361
1075.8556219253 0.0153253994
1138.7073001960 0.0158528468
1214.9894967335 0.0164869607
1292.2856853272 0.0171210746
1369.1075089393 0.0177551884
1446.2427972459 0.0183893023
1524.1388415901 0.0190234162
1603.1147080097 0.0196575300
1689.6357217000 0.0202916439
1769.5737397217 0.0209257578
1851.9191755188 0.0215598717
1936.3124130108 0.0221939855
2019.0950980167 0.0228280994
2103.7841809351 0.0234622133
2191.5836422855 0.0240963271
2279.6455933481 0.0247304410
2369.6638540909 0.0253645549
2460.2606837041 0.0259986688
2551.8374257703 0.0266327826
2642.9179709758 0.0272668965
2733.9985161812 0.0279010104
2825.0790613866 0.0285351243
2916.1596065921 0.0291692381
3007.2401517975 0.0298033520
3098.3206970029 0.0304374659
3189.4012422084 0.0310715797
3280.4817874138 0.0317056936
3371.5623326192 0.0323398075
3462.6428778247 0.0329739214
3553.7234230301 0.0336080352
3644.8039682355 0.0342421491
3735.8845134410 0.0348762630
3826.9650586464 0.0355103769
3918.0456038518 0.0361444907
4009.1261490573 0.0367786046
4100.2066942627 0.0374127185
4191.2872394681 0.0380468323
4282.3677846736 0.0386809462
4373.4483298790 0.0393150601
4464.5288750844 0.0399491740
4555.6094202899 0.0405832878
4646.6899654953 0.0412174017
4737.7705107007 0.0418515156
4828.8510559062 0.0424856294
4919.9316011116 0.0431197433
5011.0121463170 0.0437538572
5102.0926915225 0.0443879711
5193.1732367279 0.0450220849
5284.2537819333 0.0456561988
5375.3343271388 0.0462903127
5466.4148723442 0.0469244266
5557.4954175496 0.0475585404
5648.5759627551 0.0481926543
5739.6565079605 0.0488267682
5830.7370531659 0.0494608820
5921.8175983714 0.0500949959
6012.8981435768 0.0507291098
6103.9786887823 0.0513632237
6195.0592339877 0.0519973375
6286.1397791931 0.0526314514
6377.2203243986 0.0532655653
6468.3008696040 0.0538996791
6559.3814148094 0.0545337930
6650.4619600149 0.0551679069
6741.5425052203 0.0558020208
6832.6230504257 0.0564361346
6923.7035956312 0.0570702485
7014.7841408366 0.0577043624
7105.8646860420 0.0583384763
7196.9452312475 0.0589725901
7288.0257764529 0.0596067040
7379.1063216583 0.0602408179
7470.1868668638 0.0608749317
7561.2674120692 0.0615090456
7652.3479572746 0.0621431595
7743.4285024801 0.0627772734
7834.5090476855 0.0634113872
7925.5895928909 0.0640455011
8016.6701380964 0.0646796150
8107.7506833018 0.0653137288
8198.8312285072 0.0659478427
8289.9117737127 0.0665819566
8380.9923189181 0.0672160705
8472.0728641235 0.0678501843
8563.1534093290 0.0684842982
8654.2339545344 0.0691184121
8745.3144997398 0.0697525260
8836.3950449453 0.0703866398
8927.4755901507 0.0710207537
9018.5561353561 0.0716548676
9109.6366805616 0.0722889814
9200.7172257670 0.0729230953
9291.7977709724 0.0735572092
9382.8783161779 0.0741913231
9473.9588613833 0.0748254369
9565.0394065888 0.0754595508
9656.1199517942 0.0760936647
9747.2004969996 0.0767277786
9838.2810422050 0.0773618924
9929.3615874105 0.0779960063
10020.4421326159 0.0786301202
10111.5226778214 0.0792642340
10202.6032230268 0.0798983479
10293.6837682322 0.0805324618
10384.7643134377 0.0811665757
10475.8448586431 0.0818006895
10566.9254038485 0.0824348034
10658.0059490540 0.0830689173
10749.0864942594 0.0837030311
10840.1670394648 0.0843371450
10931.2475846703 0.0849712589
11022.3281298757 0.0856053728
11113.4086750811 0.0862394866
11204.4892202866 0.0868736005
11295.5697654920 0.0875077144
11386.6503106974 0.0881418283
11477.7308559029 0.0887759421
11568.8114011083 0.0894100560
11659.8919463137 0.0900441699
11750.9724915192 0.0906782837
11842.0530367246 0.0913123976
11933.1335819300 0.0919465115
12024.2141271355 0.0925806254
12115.2946723409 0.0932147392
12206.3752175463 0.0938488531
12297.4557627518 0.0944829670
12388.5363079572 0.0951170808
12479.6168531626 0.0957511947
12570.6973983681 0.0963853086
12661.7779435735 0.0970194225
12752.8584887789 0.0976535363
12843.9390339844 0.0982876502
12935.0195791898 0.0989217641
13026.1001243952 0.0995558780
13117.1806696007 0.1001899918
13208.2612148061 0.1008241057
13299.3417600116 0.1014582196
13390.4223052170 0.1020923334
13481.5028504224 0.1027264473
13572.5833956279 0.1033605612
13663.6639408333 0.1039946751
13754.7444860387 0.1046287889
13845.8250312442 0.1052629028
13936.9055764496 0.1058970167
14027.9861216550 0.1065311306
14119.0666668605 0.1071652444
14210.1472120659 0.1077993583
14301.2277572713 0.1084334722
14392.3083024768 0.1090675860
14483.3888476822 0.1097016999
14574.4693928876 0.1103358138
14665.5499380931 0.1109699277
14756.6304832985 0.1116040415
14847.7110285039 0.1122381554
14938.7915737094 0.1128722693
15029.8721189148 0.1135063831
15120.9526641202 0.1141404970
15212.0332093257 0.1147746109
15303.1137545311 0.1154087248
15394.1942997365 0.1160428386
15485.2748449420 0.1166769525
15576.3553901474 0.1173110664
15667.4359353528 0.1179451803
15758.5164805583 0.1185792941
15849.5970257637 0.1192134080
15940.6775709691 0.1198475219
16031.7581161746 0.1204816357
16122.8386613800 0.1211157496
16213.9192065854 0.1217498635
16304.9997517909 0.1223839774
16396.0802969963 0.1230180912
16487.1608422017 0.1236522051
16578.2413874072 0.1242863190
16669.3219326126 0.1249204328
16760.4024778180 0.1255545467
16851.4830230235 0.1261886606
14380288.2693802990 100.1261886606
