
-30000.0, -100.0
0.000000, 0.000000
0.620511, 0.001633
0.821806, 0.001643
1.028362, 0.001653
1.240203, 0.001663
1.457351, 0.001673
1.679829, 0.001683
1.907659, 0.001693
2.140864, 0.001703
2.379466, 0.001713
2.623486, 0.001723
2.872947, 0.001733
3.127869, 0.001743
3.388274, 0.001753
3.654183, 0.001763
3.925616, 0.001773
4.202595, 0.001783
4.485140, 0.001793
4.773270, 0.001803
5.067006, 0.001813
5.366368, 0.001823
5.671375, 0.001833
5.982047, 0.001843
6.298403, 0.001853
6.620461, 0.001863
6.948241, 0.001873
7.281761, 0.001883
7.621040, 0.001893
7.966095, 0.001903
8.316945, 0.001913
8.673607, 0.001923
9.036100, 0.001933
9.404439, 0.001943
9.778643, 0.001953
10.158728, 0.001963
10.544711, 0.001973
10.936608, 0.001983
11.334437, 0.001993
11.738212, 0.002003
12.147951, 0.002013
12.563667, 0.002023
12.985378, 0.002033
13.413099, 0.002043
13.846844, 0.002053
14.286628, 0.002063
14.732466, 0.002073
15.184373, 0.002083
15.642362, 0.002093
16.106448, 0.002103
16.576645, 0.002113
17.052967, 0.002123
17.535426, 0.002133
18.024036, 0.002143
18.518811, 0.002153
19.019762, 0.002163
19.526903, 0.002173
20.040246, 0.002183
20.559803, 0.002193
21.085587, 0.002203
21.617608, 0.002213
22.155880, 0.002223
22.700412, 0.002233
23.251217, 0.002243
23.808305, 0.002253
24.371687, 0.002263
24.941374, 0.002273
25.517376, 0.002283
26.099703, 0.002293
26.688365, 0.002303
27.283373, 0.002313
27.884735, 0.002323
28.492461, 0.002333
29.106560, 0.002343
29.727042, 0.002353
30.353914, 0.002363
30.987185, 0.002373
31.626864, 0.002383
32.272959, 0.002393
32.925478, 0.002403
33.584429, 0.002413
34.249818, 0.002423
34.921654, 0.002433
35.599943, 0.002443
36.284693, 0.002453
36.975910, 0.002463
37.673600, 0.002473
38.377770, 0.002483
39.088427, 0.002493
39.805575, 0.002503
40.529221, 0.002513
41.259369, 0.002523
41.996026, 0.002533
42.739197, 0.002543
43.488886, 0.002553
44.245097, 0.002563
45.007836, 0.002573
45.777107, 0.002583
46.552914, 0.002593
47.335260, 0.002603
48.124149, 0.002613
48.919584, 0.002623
49.721570, 0.002633
50.530108, 0.002643
51.345202, 0.002653
52.166855, 0.002663
52.995068, 0.002673
53.829844, 0.002683
54.671185, 0.002693
55.519093, 0.002703
56.373569, 0.002713
57.234614, 0.002723
58.102231, 0.002733
58.976419, 0.002743
59.857181, 0.002753
60.744515, 0.002763
61.638423, 0.002773
62.538905, 0.002783
63.445960, 0.002793
64.359589, 0.002803
65.279792, 0.002813
66.206566, 0.002823
67.139912, 0.002833
68.079828, 0.002843
69.026314, 0.002853
69.979367, 0.002863
70.938987, 0.002873
71.905170, 0.002883
72.877916, 0.002893
73.857221, 0.002903
74.843084, 0.002913
75.835501, 0.002923
76.834470, 0.002933
77.839988, 0.002943
78.852051, 0.002953
79.870656, 0.002963
80.895798, 0.002973
81.927475, 0.002983
82.965682, 0.002993
84.010414, 0.003003
85.061668, 0.003013
86.119438, 0.003023
87.183719, 0.003033
88.254507, 0.003043
89.331796, 0.003053
90.415580, 0.003063
91.505853, 0.003073
92.602610, 0.003083
93.705845, 0.003093
94.815551, 0.003103
95.931721, 0.003113
97.054349, 0.003123
98.183428, 0.003133
99.318950, 0.003143
100.460908, 0.003153
101.609295, 0.003163
102.764102, 0.003173
103.925322, 0.003183
105.092947, 0.003193
106.266968, 0.003203
107.447376, 0.003213
108.634163, 0.003223
109.827319, 0.003233
111.026835, 0.003243
112.232703, 0.003253
113.444911, 0.003263
114.663451, 0.003273
115.888313, 0.003283
117.119485, 0.003293
118.356958, 0.003303
119.600721, 0.003313
120.850763, 0.003323
122.107072, 0.003333
123.369639, 0.003343
124.638451, 0.003353
125.913496, 0.003363
127.194762, 0.003373
128.482238, 0.003383
129.775912, 0.003393
131.075770, 0.003403
132.381800, 0.003413
133.693989, 0.003423
135.012323, 0.003433
136.336791, 0.003443
137.667377, 0.003453
139.004069, 0.003463
140.346852, 0.003473
141.695712, 0.003483
143.050635, 0.003493
144.411607, 0.003503
145.778611, 0.003513
147.151635, 0.003523
148.530662, 0.003533
149.915677, 0.003543
151.306664, 0.003553
152.703608, 0.003563
154.106493, 0.003573
155.515302, 0.003583
156.930019, 0.003593
158.350628, 0.003603
159.777111, 0.003613
161.209452, 0.003623
162.647633, 0.003633
164.091638, 0.003643
165.541448, 0.003653
166.997045, 0.003663
168.458412, 0.003673
169.925531, 0.003683
171.398382, 0.003693
172.876947, 0.003703
174.361208, 0.003713
175.851145, 0.003723
177.346739, 0.003733
178.847971, 0.003743
180.354821, 0.003753
181.867269, 0.003763
183.385294, 0.003773
184.908878, 0.003783
186.437998, 0.003793
187.972636, 0.003803
189.512768, 0.003813
191.058376, 0.003823
192.609436, 0.003833
194.165928, 0.003843
195.727831, 0.003853
197.295121, 0.003863
198.867777, 0.003873
200.445777, 0.003883
202.029098, 0.003893
203.617718, 0.003903
205.211613, 0.003913
206.810760, 0.003923
208.415136, 0.003933
210.024717, 0.003943
211.639481, 0.003953
213.259401, 0.003963
214.884456, 0.003973
216.514619, 0.003983
218.149867, 0.003993
219.790175, 0.004003
221.435518, 0.004013
223.085870, 0.004023
224.741206, 0.004033
226.401501, 0.004043
228.066729, 0.004053
229.736864, 0.004063
231.411879, 0.004073
233.091748, 0.004083
234.776445, 0.004093
236.465943, 0.004103
238.160215, 0.004113
239.859233, 0.004123
241.562970, 0.004133
243.271398, 0.004143
244.984490, 0.004153
246.702218, 0.004163
248.424552, 0.004173
250.151466, 0.004183
251.882929, 0.004193
253.618914, 0.004203
255.359391, 0.004213
257.104331, 0.004223
258.853705, 0.004233
260.607482, 0.004243
262.365633, 0.004253
264.128128, 0.004263
265.894936, 0.004273
267.666027, 0.004283
269.441371, 0.004293
271.220935, 0.004303
273.004690, 0.004313
274.792604, 0.004323
276.584645, 0.004333
278.380782, 0.004343
280.180983, 0.004353
281.985215, 0.004363
283.793446, 0.004373
285.605644, 0.004383
287.421776, 0.004393
289.241809, 0.004403
291.065709, 0.004413
292.893444, 0.004423
294.724980, 0.004433
296.560283, 0.004443
298.399319, 0.004453
300.242054, 0.004463
302.088454, 0.004473
303.938483, 0.004483
305.792108, 0.004493
307.649293, 0.004503
309.510002, 0.004513
311.374202, 0.004523
313.241855, 0.004533
315.112926, 0.004543
316.987379, 0.004553
318.865178, 0.004563
320.746286, 0.004573
322.630668, 0.004583
324.518285, 0.004593
326.409101, 0.004603
328.303078, 0.004613
330.200180, 0.004623
332.100368, 0.004633
334.003605, 0.004643
335.909852, 0.004653
337.819072, 0.004663
339.731226, 0.004673
341.646274, 0.004683
343.564179, 0.004693
345.484901, 0.004703
347.408401, 0.004713
349.334640, 0.004723
351.263577, 0.004733
353.195172, 0.004743
355.129387, 0.004753
357.066179, 0.004763
359.005510, 0.004773
360.947337, 0.004783
362.891621, 0.004793
364.838319, 0.004803
366.787392, 0.004813
368.738796, 0.004823
370.692491, 0.004833
372.648434, 0.004843
374.606583, 0.004853
376.566897, 0.004863
378.529331, 0.004873
380.493844, 0.004883
382.460393, 0.004893
384.428934, 0.004903
386.399424, 0.004913
388.371820, 0.004923
390.346077, 0.004933
392.322152, 0.004943
394.300000, 0.004953
411.131705, 0.005052
428.196362, 0.005152
445.340139, 0.005252
462.556704, 0.005352
479.839970, 0.005452
497.184090, 0.005552
514.583453, 0.005652
532.032681, 0.005752
549.526625, 0.005852
567.060362, 0.005952
584.629188, 0.006052
602.228617, 0.006152
619.854379, 0.006252
637.502410, 0.006352
655.168855, 0.006452
672.850057, 0.006552
690.542562, 0.006652
708.243106, 0.006752
725.948618, 0.006852
743.656212, 0.006952
761.363187, 0.007052
779.067019, 0.007152
796.765359, 0.007252
814.456031, 0.007352
832.137024, 0.007452
849.806493, 0.007552
867.462750, 0.007652
885.104266, 0.007752
902.729661, 0.007852
920.337706, 0.007952
937.927315, 0.008052
955.497541, 0.008152
973.047577, 0.008252
990.576746, 0.008352
1008.084501, 0.008452
1025.570421, 0.008552
1043.034205, 0.008652
1060.475669, 0.008752
1077.894746, 0.008852
1095.291474, 0.008952
1112.666001, 0.009052
1130.018575, 0.009152
1147.349542, 0.009252
1164.659345, 0.009352
1181.948514, 0.009452
1199.217668, 0.009552
1216.467509, 0.009652
1233.698818, 0.009752
1250.912449, 0.009852
1268.109331, 0.009952
1285.290458, 0.010052
1302.456888, 0.010152
1319.609739, 0.010252
1336.750187, 0.010352
1353.879457, 0.010452
1370.998825, 0.010552
1388.109609, 0.010652
1405.213170, 0.010752
1422.310905, 0.010852
1439.404243, 0.010952
1456.494644, 0.011052
1473.583591, 0.011152
1490.672592, 0.011252
1507.763168, 0.011352
1524.856858, 0.011452
1541.955208, 0.011552
1559.059772, 0.011652
1576.172105, 0.011752
1593.293762, 0.011852
1610.426290, 0.011952
1627.571228, 0.012052
1644.730104, 0.012152
1661.904427, 0.012252
1679.095684, 0.012352
1696.305340, 0.012452
1713.534830, 0.012552
1730.785557, 0.012652
1748.058889, 0.012752
1765.356151, 0.012852
1782.678628, 0.012952
1800.027554, 0.013052
1817.404114, 0.013152
1834.809437, 0.013252
1852.244592, 0.013352
1869.710585, 0.013452
1887.208355, 0.013552
1904.738773, 0.013652
1922.302632, 0.013752
1939.900648, 0.013852
1957.533455, 0.013952
1975.201601, 0.014052
1992.905543, 0.014152
2010.645646, 0.014252
2028.422175, 0.014352
2046.235297, 0.014452
2064.085070, 0.014552
2081.971445, 0.014652
2099.894261, 0.014752
2117.853238, 0.014852
2135.847976, 0.014952
2153.877951, 0.015052
2171.942511, 0.015152
2190.040870, 0.015252
2208.172110, 0.015352
2226.335168, 0.015452
2244.528842, 0.015552
2262.751778, 0.015652
2281.002476, 0.015752
2299.279275, 0.015852
2317.580360, 0.015952
2335.903749, 0.016052
2354.247297, 0.016152
2372.608686, 0.016252
2390.985424, 0.016352
2409.374841, 0.016452
2427.774086, 0.016552
2446.180120, 0.016652
2464.589716, 0.016752
2482.999453, 0.016852
2501.405711, 0.016952
2519.804671, 0.017052
2538.192308, 0.017152
2556.564388, 0.017252
2574.916463, 0.017352
2593.243871, 0.017452
2611.541728, 0.017552
2629.804925, 0.017652
2648.028126, 0.017752
2666.205762, 0.017852
2684.332029, 0.017952
2702.400884, 0.018052
2720.406038, 0.018152
2738.340958, 0.018252
2756.198856, 0.018352
2773.972693, 0.018452
2791.655168, 0.018552
2809.238718, 0.018652
2826.715514, 0.018752
2844.077458, 0.018852
2861.316174, 0.018952
2878.423010, 0.019052
2895.389034, 0.019152
2912.205026, 0.019252
2928.861476, 0.019352
2945.348581, 0.019452
2961.656243, 0.019552
2977.774059, 0.019652
2993.691323, 0.019752
3009.397022, 0.019852
3024.879827, 0.019952
3040.128094, 0.020052
3055.129860, 0.020152
3069.872835, 0.020252
1474297502786.37, 10000000.020252