
-0.0000001, -100.0
0.000000, 0.000000
0.657445, 0.001731
0.853502, 0.001741
1.054796, 0.001751
1.261353, 0.001761
1.473193, 0.001771
1.690341, 0.001781
1.912819, 0.001791
2.140650, 0.001801
2.373855, 0.001811
2.612457, 0.001821
2.856477, 0.001831
3.105937, 0.001841
3.360860, 0.001851
3.621265, 0.001861
3.887173, 0.001871
4.158607, 0.001881
4.435586, 0.001891
4.718130, 0.001901
5.006261, 0.001911
5.299997, 0.001921
5.599359, 0.001931
5.904366, 0.001941
6.215038, 0.001951
6.531393, 0.001961
6.853452, 0.001971
7.181232, 0.001981
7.514752, 0.001991
7.854031, 0.002001
8.199086, 0.002011
8.549936, 0.002021
8.906598, 0.002031
9.269090, 0.002041
9.637430, 0.002051
10.011633, 0.002061
10.391718, 0.002071
10.777701, 0.002081
11.169599, 0.002091
11.567428, 0.002101
11.971203, 0.002111
12.380941, 0.002121
12.796658, 0.002131
13.218369, 0.002141
13.646090, 0.002151
14.079834, 0.002161
14.519618, 0.002171
14.965457, 0.002181
15.417363, 0.002191
15.875353, 0.002201
16.339439, 0.002211
16.809636, 0.002221
17.285958, 0.002231
17.768417, 0.002241
18.257027, 0.002251
18.751801, 0.002261
19.252753, 0.002271
19.759894, 0.002281
20.273237, 0.002291
20.792794, 0.002301
21.318577, 0.002311
21.850599, 0.002321
22.388870, 0.002331
22.933403, 0.002341
23.484207, 0.002351
24.041295, 0.002361
24.604678, 0.002371
25.174364, 0.002381
25.750366, 0.002391
26.332694, 0.002401
26.921356, 0.002411
27.516364, 0.002421
28.117726, 0.002431
28.725452, 0.002441
29.339551, 0.002451
29.960032, 0.002461
30.586904, 0.002471
31.220176, 0.002481
31.859855, 0.002491
32.505950, 0.002501
33.158469, 0.002511
33.817419, 0.002521
34.482809, 0.002531
35.154645, 0.002541
35.832934, 0.002551
36.517684, 0.002561
37.208900, 0.002571
37.906591, 0.002581
38.610761, 0.002591
39.321417, 0.002601
40.038566, 0.002611
40.762211, 0.002621
41.492360, 0.002631
42.229017, 0.002641
42.972188, 0.002651
43.721876, 0.002661
44.478088, 0.002671
45.240827, 0.002681
46.010098, 0.002691
46.785904, 0.002701
47.568250, 0.002711
48.357139, 0.002721
49.152575, 0.002731
49.954561, 0.002741
50.763099, 0.002751
51.578193, 0.002761
52.399845, 0.002771
53.228059, 0.002781
54.062835, 0.002791
54.904176, 0.002801
55.752083, 0.002811
56.606559, 0.002821
57.467605, 0.002831
58.335222, 0.002841
59.209410, 0.002851
60.090171, 0.002861
60.977506, 0.002871
61.871414, 0.002881
62.771896, 0.002891
63.678951, 0.002901
64.592580, 0.002911
65.512782, 0.002921
66.439557, 0.002931
67.372903, 0.002941
68.312819, 0.002951
69.259305, 0.002961
70.212358, 0.002971
71.171977, 0.002981
72.138161, 0.002991
73.110907, 0.003001
74.090212, 0.003011
75.076075, 0.003021
76.068492, 0.003031
77.067461, 0.003041
78.072979, 0.003051
79.085042, 0.003061
80.103646, 0.003071
81.128789, 0.003081
82.160466, 0.003091
83.198673, 0.003101
84.243405, 0.003111
85.294659, 0.003121
86.352429, 0.003131
87.416710, 0.003141
88.487498, 0.003151
89.564786, 0.003161
90.648570, 0.003171
91.738844, 0.003181
92.835601, 0.003191
93.938836, 0.003201
95.048542, 0.003211
96.164712, 0.003221
97.287340, 0.003231
98.416418, 0.003241
99.551940, 0.003251
100.693899, 0.003261
101.842286, 0.003271
102.997093, 0.003281
104.158313, 0.003291
105.325938, 0.003301
106.499958, 0.003311
107.680367, 0.003321
108.867153, 0.003331
110.060310, 0.003341
111.259826, 0.003351
112.465694, 0.003361
113.677902, 0.003371
114.896442, 0.003381
116.121303, 0.003391
117.352476, 0.003401
118.589949, 0.003411
119.833712, 0.003421
121.083753, 0.003431
122.340063, 0.003441
123.602630, 0.003451
124.871441, 0.003461
126.146486, 0.003471
127.427753, 0.003481
128.715229, 0.003491
130.008902, 0.003501
131.308760, 0.003511
132.614790, 0.003521
133.926979, 0.003531
135.245314, 0.003541
136.569781, 0.003551
137.900368, 0.003561
139.237059, 0.003571
140.579843, 0.003581
141.928703, 0.003591
143.283626, 0.003601
144.644597, 0.003611
146.011602, 0.003621
147.384626, 0.003631
148.763652, 0.003641
150.148667, 0.003651
151.539655, 0.003661
152.936599, 0.003671
154.339483, 0.003681
155.748292, 0.003691
157.163010, 0.003701
158.583618, 0.003711
160.010102, 0.003721
161.442443, 0.003731
162.880624, 0.003741
164.324629, 0.003751
165.774438, 0.003761
167.230036, 0.003771
168.691403, 0.003781
170.158521, 0.003791
171.631372, 0.003801
173.109938, 0.003811
174.594199, 0.003821
176.084136, 0.003831
177.579730, 0.003841
179.080962, 0.003851
180.587811, 0.003861
182.100259, 0.003871
183.618285, 0.003881
185.141868, 0.003891
186.670989, 0.003901
188.205626, 0.003911
189.745759, 0.003921
191.291366, 0.003931
192.842427, 0.003941
194.398919, 0.003951
195.960821, 0.003961
197.528112, 0.003971
199.100768, 0.003981
200.678768, 0.003991
202.262089, 0.004001
203.850709, 0.004011
205.444603, 0.004021
207.043751, 0.004031
208.648127, 0.004041
210.257708, 0.004051
211.872471, 0.004061
213.492392, 0.004071
215.117446, 0.004081
216.747610, 0.004091
218.382858, 0.004101
220.023166, 0.004111
221.668508, 0.004121
223.318860, 0.004131
224.974197, 0.004141
226.634492, 0.004151
228.299720, 0.004161
229.969854, 0.004171
231.644870, 0.004181
233.324739, 0.004191
235.009436, 0.004201
236.698934, 0.004211
238.393205, 0.004221
240.092223, 0.004231
241.795960, 0.004241
243.504389, 0.004251
245.217481, 0.004261
246.935208, 0.004271
248.657543, 0.004281
250.384456, 0.004291
252.115920, 0.004301
253.851905, 0.004311
255.592382, 0.004321
257.337322, 0.004331
259.086696, 0.004341
260.840473, 0.004351
262.598624, 0.004361
264.361118, 0.004371
266.127927, 0.004381
267.899018, 0.004391
269.674361, 0.004401
271.453926, 0.004411
273.237681, 0.004421
275.025595, 0.004431
276.817636, 0.004441
278.613773, 0.004451
280.413973, 0.004461
282.218205, 0.004471
284.026437, 0.004481
285.838635, 0.004491
287.654767, 0.004501
289.474799, 0.004511
291.298700, 0.004521
293.126435, 0.004531
294.957971, 0.004541
296.793274, 0.004551
298.632310, 0.004561
300.475045, 0.004571
302.321445, 0.004581
304.171474, 0.004591
306.025099, 0.004601
307.882283, 0.004611
309.742993, 0.004621
311.607192, 0.004631
313.474845, 0.004641
315.345916, 0.004651
317.220370, 0.004661
319.098169, 0.004671
320.979277, 0.004681
322.863658, 0.004691
324.751275, 0.004701
326.642091, 0.004711
328.536069, 0.004721
330.433171, 0.004731
332.333359, 0.004741
334.236596, 0.004751
336.142843, 0.004761
338.052063, 0.004771
339.964216, 0.004781
341.879265, 0.004791
343.797170, 0.004801
345.717892, 0.004811
347.641392, 0.004821
349.567630, 0.004831
351.496567, 0.004841
353.428163, 0.004851
355.362377, 0.004861
357.299170, 0.004871
359.238500, 0.004881
361.180328, 0.004891
363.124611, 0.004901
365.071310, 0.004911
367.020382, 0.004921
368.971787, 0.004931
370.925481, 0.004941
372.881425, 0.004951
374.839574, 0.004961
376.799887, 0.004971
378.762322, 0.004981
380.726835, 0.004991
382.693384, 0.005001
384.661925, 0.005011
386.632415, 0.005021
388.604811, 0.005031
390.579068, 0.005041
392.555142, 0.005051
394.532991, 0.005061
396.512568, 0.005071
398.493830, 0.005081
400.476731, 0.005091
402.461227, 0.005101
404.447272, 0.005111
406.434821, 0.005121
408.423828, 0.005131
410.414248, 0.005141
412.406034, 0.005151
414.399140, 0.005161
416.393521, 0.005171
418.389128, 0.005181
420.385915, 0.005191
422.383835, 0.005201
424.382842, 0.005211
426.382886, 0.005221
428.383921, 0.005231
430.385900, 0.005241
432.388772, 0.005251
434.392492, 0.005261
436.397009, 0.005271
438.402275, 0.005281
440.408242, 0.005291
442.414860, 0.005301
444.422080, 0.005311
446.429852, 0.005321
448.438127, 0.005331
450.446855, 0.005341
452.455985, 0.005351
454.465468, 0.005361
456.475252, 0.005371
458.485288, 0.005381
460.495523, 0.005391
462.505907, 0.005401
464.516389, 0.005411
466.526917, 0.005421
468.537439, 0.005431
470.547903, 0.005441
472.558257, 0.005451
474.568449, 0.005461
476.578426, 0.005471
478.588135, 0.005481
480.597523, 0.005491
482.606538, 0.005501
484.615125, 0.005511
486.623232, 0.005521
488.630803, 0.005531
490.637786, 0.005541
492.644126, 0.005551
494.649768, 0.005561
496.654659, 0.005571
498.658743, 0.005581
500.661964, 0.005591
502.664269, 0.005601
504.665601, 0.005611
506.665905, 0.005621
508.665125, 0.005631
510.663204, 0.005641
512.660087, 0.005651
514.655717, 0.005661
516.650038, 0.005671
518.642992, 0.005681
520.634523, 0.005691
522.624573, 0.005701
524.613084, 0.005711
526.600000, 0.005721
532.032681, 0.005752
549.526625, 0.005852
567.060362, 0.005952
584.629188, 0.006052
602.228617, 0.006152
619.854379, 0.006252
637.502410, 0.006352
655.168855, 0.006452
672.850057, 0.006552
690.542562, 0.006652
708.243106, 0.006752
725.948618, 0.006852
743.656212, 0.006952
761.363187, 0.007052
779.067019, 0.007152
796.765359, 0.007252
814.456031, 0.007352
832.137024, 0.007452
849.806493, 0.007552
867.462750, 0.007652
885.104266, 0.007752
902.729661, 0.007852
920.337706, 0.007952
937.927315, 0.008052
955.497541, 0.008152
973.047577, 0.008252
990.576746, 0.008352
1008.084501, 0.008452
1025.570421, 0.008552
1043.034205, 0.008652
1060.475669, 0.008752
1077.894746, 0.008852
1095.291474, 0.008952
1112.666001, 0.009052
1130.018575, 0.009152
1147.349542, 0.009252
1164.659345, 0.009352
1181.948514, 0.009452
1199.217668, 0.009552
1216.467509, 0.009652
1233.698818, 0.009752
1250.912449, 0.009852
1268.109331, 0.009952
1285.290458, 0.010052
1302.456888, 0.010152
1319.609739, 0.010252
1336.750187, 0.010352
1353.879457, 0.010452
1370.998825, 0.010552
1388.109609, 0.010652
1405.213170, 0.010752
1422.310905, 0.010852
1439.404243, 0.010952
1456.494644, 0.011052
1473.583591, 0.011152
1490.672592, 0.011252
1507.763168, 0.011352
1524.856858, 0.011452
1541.955208, 0.011552
1559.059772, 0.011652
1576.172105, 0.011752
1593.293762, 0.011852
1610.426290, 0.011952
1627.571228, 0.012052
1644.730104, 0.012152
1661.904427, 0.012252
1679.095684, 0.012352
1696.305340, 0.012452
1713.534830, 0.012552
1730.785557, 0.012652
1748.058889, 0.012752
1765.356151, 0.012852
1782.678628, 0.012952
1800.027554, 0.013052
1817.404114, 0.013152
1834.809437, 0.013252
1852.244592, 0.013352
1869.710585, 0.013452
1887.208355, 0.013552
1904.738773, 0.013652
1922.302632, 0.013752
1939.900648, 0.013852
1957.533455, 0.013952
1975.201601, 0.014052
1992.905543, 0.014152
2010.645646, 0.014252
2028.422175, 0.014352
2046.235297, 0.014452
2064.085070, 0.014552
2081.971445, 0.014652
2099.894261, 0.014752
2117.853238, 0.014852
2135.847976, 0.014952
2153.877951, 0.015052
2171.942511, 0.015152
2190.040870, 0.015252
2208.172110, 0.015352
2226.335168, 0.015452
2244.528842, 0.015552
2262.751778, 0.015652
2281.002476, 0.015752
2299.279275, 0.015852
2317.580360, 0.015952
2335.903749, 0.016052
2354.247297, 0.016152
2372.608686, 0.016252
2390.985424, 0.016352
2409.374841, 0.016452
2427.774086, 0.016552
2446.180120, 0.016652
2464.589716, 0.016752
2482.999453, 0.016852
2501.405711, 0.016952
2519.804671, 0.017052
2538.192308, 0.017152
2556.564388, 0.017252
2574.916463, 0.017352
2593.243871, 0.017452
2611.541728, 0.017552
2629.804925, 0.017652
2648.028126, 0.017752
2666.205762, 0.017852
2684.332029, 0.017952
2702.400884, 0.018052
2720.406038, 0.018152
2738.340958, 0.018252
2756.198856, 0.018352
2773.972693, 0.018452
2791.655168, 0.018552
2809.238718, 0.018652
2826.715514, 0.018752
2844.077458, 0.018852
2861.316174, 0.018952
2878.423010, 0.019052
2895.389034, 0.019152
2912.205026, 0.019252
2928.861476, 0.019352
2945.348581, 0.019452
2961.656243, 0.019552
2977.774059, 0.019652
2993.691323, 0.019752
3009.397022, 0.019852
3024.879827, 0.019952
3040.128094, 0.020052
3055.129860, 0.020152
3069.872835, 0.020252
1474297502786.37, 10000000.020252