
-0.0000001, -100.0
0.000000, 0.000000
2.751834, 0.001623
2.821605, 0.001633
2.896072, 0.001643
2.975300, 0.001653
3.059356, 0.001663
3.148303, 0.001673
3.242206, 0.001683
3.341128, 0.001693
3.445131, 0.001703
3.554279, 0.001713
3.668632, 0.001723
3.788251, 0.001733
3.913198, 0.001743
4.043532, 0.001753
4.179312, 0.001763
4.320597, 0.001773
4.467446, 0.001783
4.619916, 0.001793
4.778064, 0.001803
4.941947, 0.001813
5.111620, 0.001823
5.287139, 0.001833
5.468559, 0.001843
5.655934, 0.001853
5.849317, 0.001863
6.048761, 0.001873
6.254320, 0.001883
6.466045, 0.001893
6.683986, 0.001903
6.908196, 0.001913
7.138724, 0.001923
7.375620, 0.001933
7.618932, 0.001943
7.868710, 0.001953
8.125001, 0.001963
8.387852, 0.001973
8.657311, 0.001983
8.933423, 0.001993
9.216234, 0.002003
9.505789, 0.002013
9.802132, 0.002023
10.105308, 0.002033
10.415359, 0.002043
10.732329, 0.002053
11.056259, 0.002063
11.387191, 0.002073
11.725166, 0.002083
12.070225, 0.002093
12.422407, 0.002103
12.781752, 0.002113
13.148298, 0.002123
13.522083, 0.002133
13.903146, 0.002143
14.291523, 0.002153
14.687250, 0.002163
15.090363, 0.002173
15.500898, 0.002183
15.918889, 0.002193
16.344371, 0.002203
16.777376, 0.002213
17.217939, 0.002223
17.666090, 0.002233
18.121863, 0.002243
18.585288, 0.002253
19.056397, 0.002263
19.535218, 0.002273
20.021782, 0.002283
20.516118, 0.002293
21.018254, 0.002303
21.528218, 0.002313
22.046036, 0.002323
22.571737, 0.002333
23.105345, 0.002343
23.646887, 0.002353
24.196388, 0.002363
24.753870, 0.002373
25.319360, 0.002383
25.892879, 0.002393
26.474450, 0.002403
27.064096, 0.002413
27.661838, 0.002423
28.267697, 0.002433
28.881693, 0.002443
29.503846, 0.002453
30.134175, 0.002463
30.772699, 0.002473
31.419436, 0.002483
32.074404, 0.002493
32.737618, 0.002503
33.409097, 0.002513
34.088855, 0.002523
34.776907, 0.002533
35.473269, 0.002543
36.177954, 0.002553
36.890976, 0.002563
37.612348, 0.002573
38.342081, 0.002583
39.080188, 0.002593
39.826681, 0.002603
40.581568, 0.002613
41.344862, 0.002623
42.116570, 0.002633
42.896703, 0.002643
43.685267, 0.002653
44.482272, 0.002663
45.287723, 0.002673
46.101629, 0.002683
46.923994, 0.002693
47.754824, 0.002703
48.594125, 0.002713
49.441900, 0.002723
50.298152, 0.002733
51.162887, 0.002743
52.036104, 0.002753
52.917808, 0.002763
53.807999, 0.002773
54.706678, 0.002783
55.613846, 0.002793
56.529501, 0.002803
57.453644, 0.002813
58.386272, 0.002823
59.327385, 0.002833
60.276978, 0.002843
61.235050, 0.002853
62.201596, 0.002863
63.176611, 0.002873
64.160092, 0.002883
65.152033, 0.002893
66.152427, 0.002903
67.161268, 0.002913
68.178549, 0.002923
69.204263, 0.002933
70.238400, 0.002943
71.280952, 0.002953
72.331909, 0.002963
73.391262, 0.002973
74.458999, 0.002983
75.535110, 0.002993
76.619583, 0.003003
77.712405, 0.003013
78.813564, 0.003023
79.923046, 0.003033
81.040837, 0.003043
82.166923, 0.003053
83.301287, 0.003063
84.443915, 0.003073
85.594790, 0.003083
86.753896, 0.003093
87.921214, 0.003103
89.096726, 0.003113
90.280415, 0.003123
91.472260, 0.003133
92.672242, 0.003143
93.880340, 0.003153
95.096535, 0.003163
96.320803, 0.003173
97.553123, 0.003183
98.793473, 0.003193
100.041829, 0.003203
101.298167, 0.003213
102.562463, 0.003223
103.834692, 0.003233
105.114829, 0.003243
106.402847, 0.003253
107.698719, 0.003263
109.002419, 0.003273
110.313919, 0.003283
111.633190, 0.003293
112.960203, 0.003303
114.294929, 0.003313
115.637337, 0.003323
116.987397, 0.003333
118.345078, 0.003343
119.710348, 0.003353
121.083174, 0.003363
122.463523, 0.003373
123.851363, 0.003383
125.246658, 0.003393
126.649374, 0.003403
128.059475, 0.003413
129.476927, 0.003423
130.901692, 0.003433
132.333734, 0.003443
133.773014, 0.003453
135.219496, 0.003463
136.673139, 0.003473
138.133905, 0.003483
139.601754, 0.003493
141.076645, 0.003503
142.558537, 0.003513
144.047390, 0.003523
145.543160, 0.003533
147.045805, 0.003543
148.555282, 0.003553
150.071546, 0.003563
151.594554, 0.003573
153.124260, 0.003583
154.660618, 0.003593
156.203584, 0.003603
157.753108, 0.003613
159.309146, 0.003623
160.871647, 0.003633
162.440565, 0.003643
164.015850, 0.003653
165.597452, 0.003663
167.185321, 0.003673
168.779407, 0.003683
170.379658, 0.003693
171.986022, 0.003703
173.598447, 0.003713
175.216879, 0.003723
176.841265, 0.003733
178.471552, 0.003743
180.107683, 0.003753
181.749604, 0.003763
183.397258, 0.003773
185.050590, 0.003783
186.709542, 0.003793
188.374057, 0.003803
190.044075, 0.003813
191.719540, 0.003823
193.400390, 0.003833
195.086567, 0.003843
196.778009, 0.003853
198.474656, 0.003863
200.176446, 0.003873
201.883317, 0.003883
203.595205, 0.003893
205.312048, 0.003903
207.033782, 0.003913
208.760341, 0.003923
210.491662, 0.003933
212.227678, 0.003943
213.968323, 0.003953
215.713530, 0.003963
217.463231, 0.003973
219.217360, 0.003983
220.975847, 0.003993
222.738623, 0.004003
224.505618, 0.004013
226.276763, 0.004023
228.051986, 0.004033
229.831215, 0.004043
231.614380, 0.004053
233.401408, 0.004063
235.192224, 0.004073
236.986756, 0.004083
238.784929, 0.004093
240.586669, 0.004103
242.391900, 0.004113
244.200546, 0.004123
246.012530, 0.004133
247.827776, 0.004143
249.646205, 0.004153
251.467739, 0.004163
253.292300, 0.004173
255.119807, 0.004183
256.950182, 0.004193
258.783343, 0.004203
260.619209, 0.004213
262.457699, 0.004223
264.298729, 0.004233
266.142218, 0.004243
267.988082, 0.004253
269.836237, 0.004263
271.686597, 0.004273
273.539079, 0.004283
275.393596, 0.004293
277.250062, 0.004303
279.108390, 0.004313
280.968493, 0.004323
282.830282, 0.004333
284.693668, 0.004343
286.558564, 0.004353
288.424879, 0.004363
290.292522, 0.004373
292.161402, 0.004383
294.031429, 0.004393
295.902511, 0.004403
297.774553, 0.004413
299.647464, 0.004423
301.521150, 0.004433
303.395515, 0.004443
305.270466, 0.004453
307.145907, 0.004463
309.021741, 0.004473
310.897872, 0.004483
312.774203, 0.004493
314.650636, 0.004503
316.527073, 0.004513
318.403414, 0.004523
320.279560, 0.004533
322.155412, 0.004543
324.030868, 0.004553
325.905827, 0.004563
327.780188, 0.004573
329.653847, 0.004583
331.526703, 0.004593
333.398651, 0.004603
335.269587, 0.004613
337.139407, 0.004623
339.008006, 0.004633
340.875277, 0.004643
342.741115, 0.004653
344.605411, 0.004663
346.468060, 0.004673
348.328952, 0.004683
350.187979, 0.004693
352.045032, 0.004703
353.900000, 0.004713
360.479513, 0.004752
377.266321, 0.004852
394.152748, 0.004952
411.131705, 0.005052
428.196362, 0.005152
445.340139, 0.005252
462.556704, 0.005352
479.839970, 0.005452
497.184090, 0.005552
514.583453, 0.005652
532.032681, 0.005752
549.526625, 0.005852
567.060362, 0.005952
584.629188, 0.006052
602.228617, 0.006152
619.854379, 0.006252
637.502410, 0.006352
655.168855, 0.006452
672.850057, 0.006552
690.542562, 0.006652
708.243106, 0.006752
725.948618, 0.006852
743.656212, 0.006952
761.363187, 0.007052
779.067019, 0.007152
796.765359, 0.007252
814.456031, 0.007352
832.137024, 0.007452
849.806493, 0.007552
867.462750, 0.007652
885.104266, 0.007752
902.729661, 0.007852
920.337706, 0.007952
937.927315, 0.008052
955.497541, 0.008152
973.047577, 0.008252
990.576746, 0.008352
1008.084501, 0.008452
1025.570421, 0.008552
1043.034205, 0.008652
1060.475669, 0.008752
1077.894746, 0.008852
1095.291474, 0.008952
1112.666001, 0.009052
1130.018575, 0.009152
1147.349542, 0.009252
1164.659345, 0.009352
1181.948514, 0.009452
1199.217668, 0.009552
1216.467509, 0.009652
1233.698818, 0.009752
1250.912449, 0.009852
1268.109331, 0.009952
1285.290458, 0.010052
1302.456888, 0.010152
1319.609739, 0.010252
1336.750187, 0.010352
1353.879457, 0.010452
1370.998825, 0.010552
1388.109609, 0.010652
1405.213170, 0.010752
1422.310905, 0.010852
1439.404243, 0.010952
1456.494644, 0.011052
1473.583591, 0.011152
1490.672592, 0.011252
1507.763168, 0.011352
1524.856858, 0.011452
1541.955208, 0.011552
1559.059772, 0.011652
1576.172105, 0.011752
1593.293762, 0.011852
1610.426290, 0.011952
1627.571228, 0.012052
1644.730104, 0.012152
1661.904427, 0.012252
1679.095684, 0.012352
1696.305340, 0.012452
1713.534830, 0.012552
1730.785557, 0.012652
1748.058889, 0.012752
1765.356151, 0.012852
1782.678628, 0.012952
1800.027554, 0.013052
1817.404114, 0.013152
1834.809437, 0.013252
1852.244592, 0.013352
1869.710585, 0.013452
1887.208355, 0.013552
1904.738773, 0.013652
1922.302632, 0.013752
1939.900648, 0.013852
1957.533455, 0.013952
1975.201601, 0.014052
1992.905543, 0.014152
2010.645646, 0.014252
2028.422175, 0.014352
2046.235297, 0.014452
2064.085070, 0.014552
2081.971445, 0.014652
2099.894261, 0.014752
2117.853238, 0.014852
2135.847976, 0.014952
2153.877951, 0.015052
2171.942511, 0.015152
2190.040870, 0.015252
2208.172110, 0.015352
2226.335168, 0.015452
2244.528842, 0.015552
2262.751778, 0.015652
2281.002476, 0.015752
2299.279275, 0.015852
2317.580360, 0.015952
2335.903749, 0.016052
2354.247297, 0.016152
2372.608686, 0.016252
2390.985424, 0.016352
2409.374841, 0.016452
2427.774086, 0.016552
2446.180120, 0.016652
2464.589716, 0.016752
2482.999453, 0.016852
2501.405711, 0.016952
2519.804671, 0.017052
2538.192308, 0.017152
2556.564388, 0.017252
2574.916463, 0.017352
2593.243871, 0.017452
2611.541728, 0.017552
2629.804925, 0.017652
2648.028126, 0.017752
2666.205762, 0.017852
2684.332029, 0.017952
2702.400884, 0.018052
2720.406038, 0.018152
2738.340958, 0.018252
2756.198856, 0.018352
2773.972693, 0.018452
2791.655168, 0.018552
2809.238718, 0.018652
2826.715514, 0.018752
2844.077458, 0.018852
2861.316174, 0.018952
2878.423010, 0.019052
2895.389034, 0.019152
2912.205026, 0.019252
2928.861476, 0.019352
2945.348581, 0.019452
2961.656243, 0.019552
2977.774059, 0.019652
2993.691323, 0.019752
3009.397022, 0.019852
3024.879827, 0.019952
3040.128094, 0.020052
3055.129860, 0.020152
3069.872835, 0.020252
1474297502786.37, 10000000.020252