
-0.0000001, -100.0
0.000000, 0.000000
4.829739, 0.001403
4.847287, 0.001413
4.868357, 0.001423
4.893026, 0.001433
4.921367, 0.001443
4.953455, 0.001453
4.989362, 0.001463
5.029161, 0.001473
5.072925, 0.001483
5.120726, 0.001493
5.172636, 0.001503
5.228724, 0.001513
5.289062, 0.001523
5.353720, 0.001533
5.422768, 0.001543
5.496274, 0.001553
5.574308, 0.001563
5.656937, 0.001573
5.744229, 0.001583
5.836252, 0.001593
5.933072, 0.001603
6.034756, 0.001613
6.141370, 0.001623
6.252979, 0.001633
6.369647, 0.001643
6.491441, 0.001653
6.618422, 0.001663
6.750656, 0.001673
6.888205, 0.001683
7.031132, 0.001693
7.179498, 0.001703
7.333367, 0.001713
7.492798, 0.001723
7.657853, 0.001733
7.828591, 0.001743
8.005074, 0.001753
8.187359, 0.001763
8.375507, 0.001773
8.569575, 0.001783
8.769621, 0.001793
8.975704, 0.001803
9.187879, 0.001813
9.406204, 0.001823
9.630734, 0.001833
9.861526, 0.001843
10.098634, 0.001853
10.342113, 0.001863
10.592018, 0.001873
10.848402, 0.001883
11.111318, 0.001893
11.380819, 0.001903
11.656959, 0.001913
11.939787, 0.001923
12.229357, 0.001933
12.525719, 0.001943
12.828923, 0.001953
13.139020, 0.001963
13.456059, 0.001973
13.780090, 0.001983
14.111160, 0.001993
14.449318, 0.002003
14.794612, 0.002013
15.147089, 0.002023
15.506796, 0.002033
15.873780, 0.002043
16.248085, 0.002053
16.629758, 0.002063
17.018843, 0.002073
17.415384, 0.002083
17.819427, 0.002093
18.231014, 0.002103
18.650188, 0.002113
19.076992, 0.002123
19.511469, 0.002133
19.953659, 0.002143
20.403604, 0.002153
20.861344, 0.002163
21.326921, 0.002173
21.800373, 0.002183
22.281741, 0.002193
22.771062, 0.002203
23.268376, 0.002213
23.773720, 0.002223
24.287131, 0.002233
24.808648, 0.002243
25.338305, 0.002253
25.876140, 0.002263
26.422188, 0.002273
26.976484, 0.002283
27.539063, 0.002293
28.109959, 0.002303
28.689206, 0.002313
29.276836, 0.002323
29.872884, 0.002333
30.477380, 0.002343
31.090357, 0.002353
31.711847, 0.002363
32.341881, 0.002373
32.980488, 0.002383
33.627699, 0.002393
34.283543, 0.002403
34.948050, 0.002413
35.621249, 0.002423
36.303166, 0.002433
36.993830, 0.002443
37.693269, 0.002453
38.401508, 0.002463
39.118575, 0.002473
39.844495, 0.002483
40.579293, 0.002493
41.322994, 0.002503
42.075624, 0.002513
42.837204, 0.002523
43.607760, 0.002533
44.387315, 0.002543
45.175890, 0.002553
45.973507, 0.002563
46.780190, 0.002573
47.595958, 0.002583
48.420832, 0.002593
49.254833, 0.002603
50.097980, 0.002613
50.950293, 0.002623
51.811790, 0.002633
52.682490, 0.002643
53.562411, 0.002653
54.451570, 0.002663
55.349984, 0.002673
56.257670, 0.002683
57.174644, 0.002693
58.100920, 0.002703
59.036516, 0.002713
59.981444, 0.002723
60.935719, 0.002733
61.899356, 0.002743
62.872366, 0.002753
63.854763, 0.002763
64.846560, 0.002773
65.847768, 0.002783
66.858398, 0.002793
67.878461, 0.002803
68.907969, 0.002813
69.946930, 0.002823
70.995354, 0.002833
72.053251, 0.002843
73.120629, 0.002853
74.197496, 0.002863
75.283859, 0.002873
76.379727, 0.002883
77.485105, 0.002893
78.600000, 0.002903
85.062931, 0.002952
98.530160, 0.003052
112.272687, 0.003152
126.278165, 0.003252
140.534572, 0.003352
155.030205, 0.003452
169.753681, 0.003552
184.693930, 0.003652
199.840190, 0.003752
215.182005, 0.003852
230.709222, 0.003952
246.411984, 0.004052
262.280731, 0.004152
278.306190, 0.004252
294.479377, 0.004352
310.791589, 0.004452
327.234403, 0.004552
343.799670, 0.004652
360.479513, 0.004752
377.266321, 0.004852
394.152748, 0.004952
411.131705, 0.005052
428.196362, 0.005152
445.340139, 0.005252
462.556704, 0.005352
479.839970, 0.005452
497.184090, 0.005552
514.583453, 0.005652
532.032681, 0.005752
549.526625, 0.005852
567.060362, 0.005952
584.629188, 0.006052
602.228617, 0.006152
619.854379, 0.006252
637.502410, 0.006352
655.168855, 0.006452
672.850057, 0.006552
690.542562, 0.006652
708.243106, 0.006752
725.948618, 0.006852
743.656212, 0.006952
761.363187, 0.007052
779.067019, 0.007152
796.765359, 0.007252
814.456031, 0.007352
832.137024, 0.007452
849.806493, 0.007552
867.462750, 0.007652
885.104266, 0.007752
902.729661, 0.007852
920.337706, 0.007952
937.927315, 0.008052
955.497541, 0.008152
973.047577, 0.008252
990.576746, 0.008352
1008.084501, 0.008452
1025.570421, 0.008552
1043.034205, 0.008652
1060.475669, 0.008752
1077.894746, 0.008852
1095.291474, 0.008952
1112.666001, 0.009052
1130.018575, 0.009152
1147.349542, 0.009252
1164.659345, 0.009352
1181.948514, 0.009452
1199.217668, 0.009552
1216.467509, 0.009652
1233.698818, 0.009752
1250.912449, 0.009852
1268.109331, 0.009952
1285.290458, 0.010052
1302.456888, 0.010152
1319.609739, 0.010252
1336.750187, 0.010352
1353.879457, 0.010452
1370.998825, 0.010552
1388.109609, 0.010652
1405.213170, 0.010752
1422.310905, 0.010852
1439.404243, 0.010952
1456.494644, 0.011052
1473.583591, 0.011152
1490.672592, 0.011252
1507.763168, 0.011352
1524.856858, 0.011452
1541.955208, 0.011552
1559.059772, 0.011652
1576.172105, 0.011752
1593.293762, 0.011852
1610.426290, 0.011952
1627.571228, 0.012052
1644.730104, 0.012152
1661.904427, 0.012252
1679.095684, 0.012352
1696.305340, 0.012452
1713.534830, 0.012552
1730.785557, 0.012652
1748.058889, 0.012752
1765.356151, 0.012852
1782.678628, 0.012952
1800.027554, 0.013052
1817.404114, 0.013152
1834.809437, 0.013252
1852.244592, 0.013352
1869.710585, 0.013452
1887.208355, 0.013552
1904.738773, 0.013652
1922.302632, 0.013752
1939.900648, 0.013852
1957.533455, 0.013952
1975.201601, 0.014052
1992.905543, 0.014152
2010.645646, 0.014252
2028.422175, 0.014352
2046.235297, 0.014452
2064.085070, 0.014552
2081.971445, 0.014652
2099.894261, 0.014752
2117.853238, 0.014852
2135.847976, 0.014952
2153.877951, 0.015052
2171.942511, 0.015152
2190.040870, 0.015252
2208.172110, 0.015352
2226.335168, 0.015452
2244.528842, 0.015552
2262.751778, 0.015652
2281.002476, 0.015752
2299.279275, 0.015852
2317.580360, 0.015952
2335.903749, 0.016052
2354.247297, 0.016152
2372.608686, 0.016252
2390.985424, 0.016352
2409.374841, 0.016452
2427.774086, 0.016552
2446.180120, 0.016652
2464.589716, 0.016752
2482.999453, 0.016852
2501.405711, 0.016952
2519.804671, 0.017052
2538.192308, 0.017152
2556.564388, 0.017252
2574.916463, 0.017352
2593.243871, 0.017452
2611.541728, 0.017552
2629.804925, 0.017652
2648.028126, 0.017752
2666.205762, 0.017852
2684.332029, 0.017952
2702.400884, 0.018052
2720.406038, 0.018152
2738.340958, 0.018252
2756.198856, 0.018352
2773.972693, 0.018452
2791.655168, 0.018552
2809.238718, 0.018652
2826.715514, 0.018752
2844.077458, 0.018852
2861.316174, 0.018952
2878.423010, 0.019052
2895.389034, 0.019152
2912.205026, 0.019252
2928.861476, 0.019352
2945.348581, 0.019452
2961.656243, 0.019552
2977.774059, 0.019652
2993.691323, 0.019752
3009.397022, 0.019852
3024.879827, 0.019952
3040.128094, 0.020052
3055.129860, 0.020152
3069.872835, 0.020252
1474297502786.37, 10000000.020252