-30000	-1000
0	0
11.4941568369885	0.00100000000000000
12.5203721473393	0.00111440923836363
13.7682006104286	0.00122881847672726
15.4035966157642	0.00134322771509089
17.5807934254476	0.00145763695345452
20.4531919531925	0.00157204619181815
24.4392546576031	0.00168645543018178
30.0192164028433	0.00180086466854541
36.8298585954784	0.00191527390690904
43.8204164236101	0.00202968314527267
44.0384207014405	0.00203325105844924
53.4153886752506	0.00226648020035649
74.4293709422174	0.00277287240088755
98.4799697503041	0.00327926460141861
125.020727696765	0.00378565680194967
154.878434443626	0.00429204900248073
188.603555845055	0.00479844120301179
226.096319520979	0.00530483340354285
267.785670773791	0.00581122560407391
313.561320362842	0.00631761780460497
364.953327071899	0.00682401000513603
421.006024832339	0.00733040220566709
481.516791907753	0.00783679440619815
545.119323036724	0.00834318660672921
612.559844652179	0.00884957880726027
681.911748659145	0.00935597100779133
753.387491486781	0.00986236320832239
829.538058636395	0.0103687554088535
906.405609993157	0.0108751476093845
984.652781361289	0.0113815398099156
1064.30778574860	0.0118879320104466
1144.99161479543	0.0123943242109777
1230.50753761360	0.0129007164115087
1317.89810864102	0.0134071086120398
1407.49008933868	0.0139135008125709
1498.89072058999	0.0144198930131019
1001498.89072059	5.55477769578035