-30000	-1000
0	0
12.7638760126841	0.00100000000000000
14.4628685515190	0.00116065765895859
16.8590105442479	0.00132131531791718
19.7964291006111	0.00148197297687578
23.3460276106820	0.00164263063583437
27.8251280872852	0.00180328829479296
33.2526405319119	0.00196394595375155
39.8184435815977	0.00212460361271014
47.5981727923767	0.00228526127166873
56.9872509909368	0.00244591893062733
67.6010361691992	0.00260657658958592
79.1099021311532	0.00276723424854451
92.5285551962216	0.00292789190750310
106.327304831611	0.00308854956646169
121.239687960291	0.00324920722542028
138.000255508212	0.00340986488437887
155.089538872382	0.00357052254333747
173.330259130228	0.00373118020229606
192.433785670140	0.00389183786125465
213.458175737099	0.00405249552021324
235.246133328198	0.00421315317917183
258.384554734355	0.00437381083813042
286.506149656164	0.00453446849708902
315.746614903304	0.00469512615604761
351.245544009919	0.00485578381500620
352.343315342709	0.00486075200353572
355.896224740938	0.00488928904435026
396.152767265010	0.00519487486141309
435.284292241182	0.00550046067847591
478.293025895970	0.00580604649553874
519.351918894496	0.00611163231260157
564.835172425226	0.00641721812966439
608.229531933439	0.00672280394672722
652.959507869987	0.00702838976379005
699.277011352425	0.00733397558085287
746.173110265556	0.00763956139791570
794.303584620894	0.00794514721497853
842.499167626258	0.00825073303204135
891.177817488137	0.00855631884910418
940.821748057312	0.00886190466616701
988.416311697207	0.00916749048322983
1038.32610263411	0.00947307630029266
1087.76369057312	0.00977866211735549
1137.77673112527	0.0100842479344183
1187.77074769044	0.0103898337514811
1238.71795597768	0.0106954195685440
1289.28945066528	0.0110010053856068
1341.27381767873	0.0113065912026696
1392.87485990387	0.0116121770197324
1446.24666950323	0.0119177628367953
1499.70932827810	0.0122233486538581
1001499.70932828	5.72809727010658