
-0.0000001, -100.0
0.000000, 0.000000
4.529896, 0.001383
4.547444, 0.001393
4.568514, 0.001403
4.593183, 0.001413
4.621524, 0.001423
4.653612, 0.001433
4.689519, 0.001443
4.729318, 0.001453
4.773082, 0.001463
4.820883, 0.001473
4.872792, 0.001483
4.928881, 0.001493
4.989219, 0.001503
5.053877, 0.001513
5.122925, 0.001523
5.196431, 0.001533
5.274465, 0.001543
5.357094, 0.001553
5.444386, 0.001563
5.536409, 0.001573
5.633229, 0.001583
5.734913, 0.001593
5.841527, 0.001603
5.953136, 0.001613
6.069804, 0.001623
6.191598, 0.001633
6.318579, 0.001643
6.450813, 0.001653
6.588362, 0.001663
6.731289, 0.001673
6.879655, 0.001683
7.033524, 0.001693
7.192955, 0.001703
7.358009, 0.001713
7.528748, 0.001723
7.705231, 0.001733
7.887516, 0.001743
8.075664, 0.001753
8.269732, 0.001763
8.469778, 0.001773
8.675861, 0.001783
8.888036, 0.001793
9.106361, 0.001803
9.330891, 0.001813
9.561683, 0.001823
9.798791, 0.001833
10.042270, 0.001843
10.292175, 0.001853
10.548558, 0.001863
10.811475, 0.001873
11.080976, 0.001883
11.357115, 0.001893
11.639944, 0.001903
11.929514, 0.001913
12.225876, 0.001923
12.529080, 0.001933
12.839177, 0.001943
13.156216, 0.001953
13.480246, 0.001963
13.811317, 0.001973
14.149475, 0.001983
14.494769, 0.001993
14.847246, 0.002003
15.206953, 0.002013
15.573936, 0.002023
15.948242, 0.002033
16.329914, 0.002043
16.718999, 0.002053
17.115541, 0.002063
17.519584, 0.002073
17.931171, 0.002083
18.350345, 0.002093
18.777149, 0.002103
19.211625, 0.002113
19.653815, 0.002123
20.103760, 0.002133
20.561501, 0.002143
21.027078, 0.002153
21.500530, 0.002163
21.981897, 0.002173
22.471219, 0.002183
22.968532, 0.002193
23.473876, 0.002203
23.987288, 0.002213
24.508804, 0.002223
25.038462, 0.002233
25.576297, 0.002243
26.122345, 0.002253
26.676641, 0.002263
27.239220, 0.002273
27.810116, 0.002283
28.389362, 0.002293
28.976993, 0.002303
29.573040, 0.002313
30.177537, 0.002323
30.790514, 0.002333
31.412004, 0.002343
32.042038, 0.002353
32.680645, 0.002363
33.327856, 0.002373
33.983700, 0.002383
34.648207, 0.002393
35.321405, 0.002403
36.003323, 0.002413
36.693987, 0.002423
37.393426, 0.002433
38.101665, 0.002443
38.818732, 0.002453
39.544652, 0.002463
40.279450, 0.002473
41.023151, 0.002483
41.775780, 0.002493
42.537361, 0.002503
43.307917, 0.002513
44.087471, 0.002523
44.876046, 0.002533
45.673664, 0.002543
46.480346, 0.002553
47.296114, 0.002563
48.120989, 0.002573
48.954989, 0.002583
49.798137, 0.002593
50.650449, 0.002603
51.511947, 0.002613
52.382647, 0.002623
53.262568, 0.002633
54.151727, 0.002643
55.050141, 0.002653
55.957827, 0.002663
56.874800, 0.002673
57.801077, 0.002683
58.736672, 0.002693
59.681601, 0.002703
60.635876, 0.002713
61.599512, 0.002723
62.572523, 0.002733
63.554920, 0.002743
64.546717, 0.002753
65.547924, 0.002763
66.558555, 0.002773
67.578618, 0.002783
68.608125, 0.002793
69.647087, 0.002803
70.695511, 0.002813
71.753408, 0.002823
72.820786, 0.002833
73.897653, 0.002843
74.984016, 0.002853
76.079884, 0.002863
77.185262, 0.002873
78.300157, 0.002883
79.424575, 0.002893
80.558520, 0.002903
81.701999, 0.002913
82.855015, 0.002923
84.017572, 0.002933
85.189674, 0.002943
86.371323, 0.002953
87.562522, 0.002963
88.763274, 0.002973
89.973580, 0.002983
91.193440, 0.002993
92.422856, 0.003003
93.661828, 0.003013
94.910356, 0.003023
96.168438, 0.003033
97.436074, 0.003043
98.713262, 0.003053
100.000000, 0.003063
112.272687, 0.003152
126.278165, 0.003252
140.534572, 0.003352
155.030205, 0.003452
169.753681, 0.003552
184.693930, 0.003652
199.840190, 0.003752
215.182005, 0.003852
230.709222, 0.003952
246.411984, 0.004052
262.280731, 0.004152
278.306190, 0.004252
294.479377, 0.004352
310.791589, 0.004452
327.234403, 0.004552
343.799670, 0.004652
360.479513, 0.004752
377.266321, 0.004852
394.152748, 0.004952
411.131705, 0.005052
428.196362, 0.005152
445.340139, 0.005252
462.556704, 0.005352
479.839970, 0.005452
497.184090, 0.005552
514.583453, 0.005652
532.032681, 0.005752
549.526625, 0.005852
567.060362, 0.005952
584.629188, 0.006052
602.228617, 0.006152
619.854379, 0.006252
637.502410, 0.006352
655.168855, 0.006452
672.850057, 0.006552
690.542562, 0.006652
708.243106, 0.006752
725.948618, 0.006852
743.656212, 0.006952
761.363187, 0.007052
779.067019, 0.007152
796.765359, 0.007252
814.456031, 0.007352
832.137024, 0.007452
849.806493, 0.007552
867.462750, 0.007652
885.104266, 0.007752
902.729661, 0.007852
920.337706, 0.007952
937.927315, 0.008052
955.497541, 0.008152
973.047577, 0.008252
990.576746, 0.008352
1008.084501, 0.008452
1025.570421, 0.008552
1043.034205, 0.008652
1060.475669, 0.008752
1077.894746, 0.008852
1095.291474, 0.008952
1112.666001, 0.009052
1130.018575, 0.009152
1147.349542, 0.009252
1164.659345, 0.009352
1181.948514, 0.009452
1199.217668, 0.009552
1216.467509, 0.009652
1233.698818, 0.009752
1250.912449, 0.009852
1268.109331, 0.009952
1285.290458, 0.010052
1302.456888, 0.010152
1319.609739, 0.010252
1336.750187, 0.010352
1353.879457, 0.010452
1370.998825, 0.010552
1388.109609, 0.010652
1405.213170, 0.010752
1422.310905, 0.010852
1439.404243, 0.010952
1456.494644, 0.011052
1473.583591, 0.011152
1490.672592, 0.011252
1507.763168, 0.011352
1524.856858, 0.011452
1541.955208, 0.011552
1559.059772, 0.011652
1576.172105, 0.011752
1593.293762, 0.011852
1610.426290, 0.011952
1627.571228, 0.012052
1644.730104, 0.012152
1661.904427, 0.012252
1679.095684, 0.012352
1696.305340, 0.012452
1713.534830, 0.012552
1730.785557, 0.012652
1748.058889, 0.012752
1765.356151, 0.012852
1782.678628, 0.012952
1800.027554, 0.013052
1817.404114, 0.013152
1834.809437, 0.013252
1852.244592, 0.013352
1869.710585, 0.013452
1887.208355, 0.013552
1904.738773, 0.013652
1922.302632, 0.013752
1939.900648, 0.013852
1957.533455, 0.013952
1975.201601, 0.014052
1992.905543, 0.014152
2010.645646, 0.014252
2028.422175, 0.014352
2046.235297, 0.014452
2064.085070, 0.014552
2081.971445, 0.014652
2099.894261, 0.014752
2117.853238, 0.014852
2135.847976, 0.014952
2153.877951, 0.015052
2171.942511, 0.015152
2190.040870, 0.015252
2208.172110, 0.015352
2226.335168, 0.015452
2244.528842, 0.015552
2262.751778, 0.015652
2281.002476, 0.015752
2299.279275, 0.015852
2317.580360, 0.015952
2335.903749, 0.016052
2354.247297, 0.016152
2372.608686, 0.016252
2390.985424, 0.016352
2409.374841, 0.016452
2427.774086, 0.016552
2446.180120, 0.016652
2464.589716, 0.016752
2482.999453, 0.016852
2501.405711, 0.016952
2519.804671, 0.017052
2538.192308, 0.017152
2556.564388, 0.017252
2574.916463, 0.017352
2593.243871, 0.017452
2611.541728, 0.017552
2629.804925, 0.017652
2648.028126, 0.017752
2666.205762, 0.017852
2684.332029, 0.017952
2702.400884, 0.018052
2720.406038, 0.018152
2738.340958, 0.018252
2756.198856, 0.018352
2773.972693, 0.018452
2791.655168, 0.018552
2809.238718, 0.018652
2826.715514, 0.018752
2844.077458, 0.018852
2861.316174, 0.018952
2878.423010, 0.019052
2895.389034, 0.019152
2912.205026, 0.019252
2928.861476, 0.019352
2945.348581, 0.019452
2961.656243, 0.019552
2977.774059, 0.019652
2993.691323, 0.019752
3009.397022, 0.019852
3024.879827, 0.019952
3040.128094, 0.020052
3055.129860, 0.020152
3069.872835, 0.020252
1474297502786.37, 10000000.020252