-30000000000.0000, -10000000000.0000
0, 0
44.0694759286276, 0.000714285714285714
89.5189204354169, 0.00142857142857143
139.915132275132, 0.00214285714285714
193.060340975897, 0.00285714285714286
249.478730703259, 0.00357142857142857
309.941852487136, 0.00428571428571429
372.324669603524, 0.00500000000000000
439.388539144471, 0.00571428571428572
508.101257142857, 0.00642857142857143
580.965515335728, 0.00714285714285714
655.592194403535, 0.00785714285714286
733.873824498353, 0.00857142857142857
814.098766539583, 0.00928571428571429
897.479795686720, 0.0100000000000000
983.015712664180, 0.0107142857142857
1071.20453130405, 0.0114285714285714
1161.91708751297, 0.0121428571428571
1254.82126942520, 0.0128571428571429
1349.88172103487, 0.0135714285714286
1447.15937662338, 0.0142857142857143
1546.26836158192, 0.0150000000000000
1647.49489456160, 0.0157142857142857
1750.21941334528, 0.0164285714285714
1855.09553197848, 0.0171428571428571
1961.28382749326, 0.0178571428571429
2069.53303485329, 0.0185714285714286
2178.91449235432, 0.0192857142857143
2289.93612903226, 0.0200000000000000
2402.37852534562, 0.0207142857142857
2515.70345158198, 0.0214285714285714
2630.79368394878, 0.0221428571428571
2746.32715773810, 0.0228571428571429
2863.45688397270, 0.0235714285714286
2980.93180592992, 0.0242857142857143
3099.89638932496, 0.0250000000000000
3219.03745234358, 0.0257142857142857
3339.26430176565, 0.0264285714285714
3459.81004815409, 0.0271428571428571
3581.02217560377, 0.0278571428571429
3702.64518010643, 0.0285714285714286
3824.47907499756, 0.0292857142857143
3946.60677618070, 0.0300000000000000
4068.90161848630, 0.0307142857142857
4191.31718589204, 0.0314285714285714
4313.73275329778, 0.0321428571428572
4435.98264058680, 0.0328571428571429
4558.23202933986, 0.0335714285714286
4680.06966666667, 0.0342857142857143
4801.73633333333, 0.0350000000000000
1.70765696156873e+15, 10000000000.0350